1428589683735
3.97
1428589682863, 205362551409, [-0.05652255, -0.9915587, 0.11669046, 0.11016896, -0.122357845, -0.98635256, 0.9923044, -0.042895436, 0.11615497]
1428589682868, 205367098528, [-0.056420684, -0.9915568, 0.11675528, 0.11061829, -0.12242979, -0.9862933, 0.9922602, -0.04273209, 0.1165919]
1428589682873, 205372011858, [-0.056299925, -0.9915612, 0.11677629, 0.11100307, -0.12245309, -0.9862472, 0.99222404, -0.04256311, 0.116960436]
1428589682878, 205377016741, [-0.056234777, -0.99155796, 0.11683506, 0.11143133, -0.122522235, -0.9861903, 0.9921798, -0.042439103, 0.11738068]
1428589682883, 205381869036, [-0.056059062, -0.991616, 0.11642587, 0.11210391, -0.1221233, -0.9861636, 0.99211395, -0.04223159, 0.11801019]
1428589682887, 205386782366, [-0.0559479, -0.991626, 0.11639419, 0.11282632, -0.122109294, -0.986083, 0.99203837, -0.04203695, 0.11871326]
1428589682893, 205392092425, [-0.055871904, -0.9916295, 0.116401285, 0.1134716, -0.12213445, -0.9860058, 0.991969, -0.04188183, 0.119345725]
1428589682898, 205396639544, [-0.05578363, -0.9916389, 0.11636308, 0.114195436, -0.12211645, -0.98592436, 0.9918909, -0.041710347, 0.120052785]
1428589682902, 205401583391, [-0.05553955, -0.9917085, 0.11588597, 0.114896506, -0.12164205, -0.9859016, 0.9918237, -0.04144165, 0.12069976]
1428589682908, 205406496721, [-0.055428922, -0.9917236, 0.115810096, 0.115621984, -0.12158346, -0.985824, 0.99174553, -0.04125294, 0.12140423]
1428589682912, 205411440569, [-0.05515355, -0.99177086, 0.115536064, 0.116230845, -0.121302724, -0.985787, 0.9916897, -0.04094082, 0.12196463]
1428589682917, 205416353899, [-0.054964304, -0.99180305, 0.11534986, 0.11688697, -0.121121466, -0.9857317, 0.99162304, -0.040697098, 0.12258622]
1428589682924, 205421633440, [-0.05480957, -0.9918603, 0.114931375, 0.11744359, -0.1207093, -0.98571616, 0.99156594, -0.040528715, 0.12310362]
1428589682927, 205426180559, [-0.054732084, -0.9918731, 0.11485794, 0.11799306, -0.12064916, -0.98565793, 0.991505, -0.040394574, 0.12363741]
1428589682932, 205431093889, [-0.054650545, -0.99188757, 0.11477181, 0.118475705, -0.12057316, -0.9856093, 0.99145186, -0.040266395, 0.124103874]
1428589682936, 205436037737, [-0.054560125, -0.9919053, 0.11466035, 0.11892182, -0.12046915, -0.98556817, 0.99140334, -0.04013717, 0.124532074]
1428589682942, 205440951067, [-0.05449879, -0.99195004, 0.11430231, 0.11936784, -0.120123744, -0.9855565, 0.9913533, -0.040067554, 0.12495354]
1428589682947, 205445864397, [-0.05438882, -0.99197626, 0.11412692, 0.11986384, -0.11995578, -0.9855168, 0.9912994, -0.039921403, 0.12542632]
1428589682952, 205451174456, [-0.05435419, -0.99199116, 0.11401379, 0.120223075, -0.11985344, -0.98548543, 0.9912578, -0.039858222, 0.1257748]
1428589682956, 205455721575, [-0.05440843, -0.99199057, 0.1139929, 0.120655894, -0.11985695, -0.98543215, 0.99120224, -0.039861917, 0.12621072]
1428589682962, 205460634905, [-0.054413795, -0.992022, 0.11371672, 0.1209417, -0.11959481, -0.9854289, 0.99116707, -0.03986779, 0.12648442]
1428589682966, 205465578753, [-0.05446613, -0.992028, 0.11363977, 0.12126282, -0.11953795, -0.9853964, 0.99112505, -0.03989038, 0.12680677]
1428589682971, 205470492083, [-0.0545488, -0.99203104, 0.11357349, 0.12153977, -0.11949372, -0.98536766, 0.99108654, -0.039946944, 0.12708944]
1428589682977, 205475405413, [-0.05468142, -0.9920263, 0.11355114, 0.12181285, -0.119499564, -0.9853332, 0.9910457, -0.040047377, 0.12737584]
1428589682982, 205480715471, [-0.054704487, -0.9920399, 0.11342111, 0.12196568, -0.1193794, -0.98532885, 0.9910257, -0.040068448, 0.12752539]
1428589682986, 205485262591, [-0.05474949, -0.9920494, 0.11331564, 0.122202694, -0.119289994, -0.98531026, 0.9909939, -0.040097773, 0.12776223]
1428589682991, 205490175921, [-0.05487418, -0.9920442, 0.11330071, 0.12243053, -0.119300485, -0.98528075, 0.9909589, -0.04019499, 0.12800297]
1428589682996, 205495089251, [-0.05492246, -0.9920507, 0.11322051, 0.12257701, -0.11923283, -0.98527074, 0.9909381, -0.04023531, 0.12815124]
1428589683001, 205500033098, [-0.055025876, -0.99201894, 0.11344808, 0.12286529, -0.11948395, -0.98520434, 0.99089664, -0.04027292, 0.1284594]
1428589683009, 205504946429, [-0.055076897, -0.9920183, 0.1134291, 0.123105586, -0.119481385, -0.98517466, 0.99086404, -0.040296644, 0.12870371]
1428589683013, 205510256487, [-0.05502242, -0.99203503, 0.11330965, 0.12329352, -0.11936343, -0.98516554, 0.9908438, -0.040235817, 0.1288791]
1428589683015, 205514803606, [-0.055020332, -0.99203825, 0.113281935, 0.12345624, -0.11934221, -0.9851477, 0.9908235, -0.040217876, 0.12903962]
1428589683021, 205519716936, [-0.055035472, -0.992025, 0.113390476, 0.12358591, -0.119457185, -0.9851175, 0.9908066, -0.040202916, 0.12917468]
1428589683026, 205524630266, [-0.05506295, -0.9920194, 0.11342594, 0.123693794, -0.11950034, -0.9850987, 0.99079156, -0.040212363, 0.12928677]
1428589683030, 205529574114, [-0.054982185, -0.99203295, 0.11334717, 0.1237697, -0.11941475, -0.98509955, 0.99078655, -0.040134043, 0.12934929]
1428589683035, 205534487444, [-0.05494249, -0.9920382, 0.11332071, 0.12383968, -0.119386196, -0.98509425, 0.99078, -0.040089905, 0.12941304]
1428589683040, 205539797503, [-0.05495113, -0.992026, 0.11342287, 0.123894185, -0.11949098, -0.98507464, 0.9907727, -0.04007852, 0.12947243]
1428589683045, 205544314104, [-0.05498022, -0.9920161, 0.113496065, 0.12391654, -0.11956835, -0.9850625, 0.9907683, -0.040094852, 0.12950107]
1428589683050, 205549257952, [-0.055015743, -0.9920037, 0.11358735, 0.123870045, -0.11966163, -0.985057, 0.9907721, -0.040123582, 0.12946281]
1428589683055, 205554171282, [-0.05513972, -0.9919745, 0.11378184, 0.12385729, -0.119870424, -0.9850333, 0.9907669, -0.04022172, 0.12947291]
1428589683061, 205559084612, [-0.05521667, -0.9919498, 0.113959014, 0.123849005, -0.12005597, -0.9850117, 0.9907636, -0.040275365, 0.12948102]
1428589683065, 205563997942, [-0.055306792, -0.99192715, 0.11411235, 0.123857826, -0.120220184, -0.9849905, 0.99075747, -0.040343016, 0.12950698]
1428589683070, 205569308001, [-0.055296063, -0.9919244, 0.114141434, 0.12384534, -0.120247245, -0.98498875, 0.9907596, -0.040330112, 0.12949446]
1428589683074, 205573855120, [-0.055397153, -0.9919017, 0.11429009, 0.123820245, -0.120406985, -0.9849725, 0.9907571, -0.04041326, 0.12948772]
1428589683080, 205578798968, [-0.05541444, -0.99188614, 0.11441669, 0.1238288, -0.120535314, -0.98495567, 0.9907551, -0.040412664, 0.12950343]
1428589683084, 205583712298, [-0.055399477, -0.991889, 0.114399076, 0.12388268, -0.12051803, -0.984951, 0.99074924, -0.04039368, 0.12955454]
1428589683089, 205588625628, [-0.055429757, -0.9918833, 0.11443466, 0.1239306, -0.120559275, -0.98494, 0.99074155, -0.040412962, 0.1296072]
1428589683094, 205593569475, [-0.055485606, -0.99187243, 0.11450046, 0.12399948, -0.120634675, -0.98492205, 0.99072975, -0.04045096, 0.1296852]
1428589683100, 205598879534, [-0.05553043, -0.9918428, 0.1147356, 0.12416667, -0.1208809, -0.9848708, 0.9907063, -0.040443897, 0.1298663]
1428589683104, 205603396136, [-0.055510044, -0.9918467, 0.11471167, 0.12443745, -0.120865464, -0.9848385, 0.99067354, -0.04039395, 0.13013208]
1428589683109, 205608309466, [-0.055488944, -0.99185073, 0.11468685, 0.12466338, -0.120847225, -0.98481214, 0.99064624, -0.040348917, 0.13035321]
1428589683114, 205613253313, [-0.05543667, -0.9918608, 0.114625335, 0.1248942, -0.12078881, -0.9847901, 0.99062014, -0.04027745, 0.13057369]
1428589683119, 205618166643, [-0.05524993, -0.991994, 0.113557935, 0.12518096, -0.11971611, -0.9848846, 0.9905944, -0.04019949, 0.13079304]
1428589683123, 205623110491, [-0.055187643, -0.9920057, 0.11348471, 0.12544379, -0.11964589, -0.9848597, 0.99056447, -0.04011619, 0.13104403]
1428589683129, 205628390032, [-0.05510801, -0.99202096, 0.11339104, 0.12565637, -0.11955106, -0.9848442, 0.99054205, -0.04002455, 0.13124198]
1428589683134, 205632937151, [-0.05503279, -0.99203527, 0.11330247, 0.12583232, -0.119460344, -0.98483276, 0.99052393, -0.039940983, 0.13140434]
1428589683139, 205637850481, [-0.05495298, -0.99205273, 0.113188565, 0.12595409, -0.11934161, -0.9848316, 0.9905129, -0.0398629, 0.1315113]
1428589683143, 205642794329, [-0.0548805, -0.9920664, 0.11310324, 0.12596604, -0.11924791, -0.98484135, 0.99051535, -0.03980139, 0.13151109]
1428589683148, 205647707659, [-0.05477792, -0.9920858, 0.11298278, 0.12593651, -0.119113505, -0.9848614, 0.99052477, -0.03972009, 0.13146469]
1428589683153, 205652590471, [-0.054715157, -0.9920977, 0.11290881, 0.12590176, -0.119030476, -0.9848758, 0.99053264, -0.039672226, 0.13141963]
1428589683159, 205657900530, [-0.054623187, -0.9921179, 0.112775624, 0.12585235, -0.118884146, -0.9848998, 0.990544, -0.03960532, 0.13135421]
1428589683163, 205662447649, [-0.054565072, -0.99212885, 0.1127072, 0.12585351, -0.11880863, -0.9849088, 0.9905471, -0.03955701, 0.13134575]
1428589683169, 205667360979, [-0.05452144, -0.9921371, 0.11265588, 0.1259186, -0.118754506, -0.984907, 0.9905412, -0.03951305, 0.13140324]
1428589683173, 205672274309, [-0.054482996, -0.99214435, 0.11261073, 0.12597477, -0.11870688, -0.98490554, 0.9905362, -0.039474547, 0.13145268]
1428589683178, 205677279192, [-0.054463804, -0.9921647, 0.11244166, 0.12601799, -0.11853832, -0.9849204, 0.9905318, -0.03947279, 0.13148662]
1428589683183, 205682162005, [-0.054432273, -0.9921705, 0.112404525, 0.12615353, -0.11850262, -0.98490727, 0.99051625, -0.0394305, 0.13161626]
1428589683188, 205687472063, [-0.054392695, -0.99217796, 0.112357974, 0.12625921, -0.11845541, -0.9848994, 0.990505, -0.03938505, 0.13171473]
1428589683193, 205691988665, [-0.05434376, -0.99218714, 0.112300485, 0.12636754, -0.11839622, -0.9848927, 0.9904938, -0.039331704, 0.13181433]
1428589683198, 205696932513, [-0.0543077, -0.99219155, 0.11227906, 0.12649083, -0.11837506, -0.9848794, 0.99048007, -0.03928423, 0.13193181]
1428589683203, 205701845843, [-0.05426663, -0.9921993, 0.11223072, 0.12666646, -0.11832863, -0.98486245, 0.99045986, -0.039229304, 0.13209963]
1428589683207, 205706789690, [-0.054231346, -0.992206, 0.11218923, 0.12685433, -0.118290186, -0.9848429, 0.9904378, -0.039177686, 0.13228065]
1428589683213, 205711703020, [-0.054154396, -0.99222034, 0.112098634, 0.12705022, -0.11819786, -0.9848287, 0.9904168, -0.039090663, 0.13246277]
1428589683218, 205716982561, [-0.054154277, -0.9921832, 0.11242658, 0.12724873, -0.11853111, -0.98476297, 0.9903913, -0.039022982, 0.13267305]
1428589683222, 205721529680, [-0.05406934, -0.9921992, 0.11232653, 0.1274482, -0.11842841, -0.98474956, 0.9903704, -0.038928956, 0.13285732]
1428589683227, 205726473528, [-0.05400759, -0.99221075, 0.112253934, 0.12764683, -0.11835587, -0.98473245, 0.9903481, -0.03885418, 0.13304478]
1428589683232, 205731386858, [-0.053892016, -0.99223244, 0.11211792, 0.12780643, -0.118211746, -0.9847292, 0.9903339, -0.03873968, 0.13318431]
1428589683237, 205736300188, [-0.053819656, -0.9922534, 0.111967266, 0.12795904, -0.11805856, -0.98472774, 0.9903181, -0.03867042, 0.13332164]
1428589683242, 205741213518, [-0.05374062, -0.99226815, 0.11187425, 0.1280902, -0.11796081, -0.9847224, 0.9903054, -0.038589597, 0.1334391]
1428589683247, 205746523577, [-0.05366218, -0.99228275, 0.111782014, 0.12815914, -0.11786139, -0.98472524, 0.9903007, -0.03851673, 0.13349482]
1428589683253, 205751070696, [-0.05359286, -0.99229574, 0.1117003, 0.12824583, -0.11777443, -0.9847244, 0.99029326, -0.03844914, 0.13356969]
1428589683257, 205756014544, [-0.05357027, -0.9922875, 0.11178371, 0.12824067, -0.117854, -0.9847156, 0.9902952, -0.038416237, 0.13356507]
1428589683261, 205760927874, [-0.053470492, -0.99230623, 0.1116662, 0.12822866, -0.117723584, -0.98473275, 0.9903022, -0.038335294, 0.13353682]
1428589683266, 205765841204, [-0.053431273, -0.99231344, 0.11162013, 0.12811202, -0.11766809, -0.9847545, 0.9903193, -0.038316786, 0.13341445]
1428589683272, 205770815569, [-0.053408563, -0.9923177, 0.111593485, 0.12802434, -0.11763513, -0.9847698, 0.9903319, -0.0383085, 0.13332361]
1428589683277, 205776064593, [-0.05349642, -0.99229264, 0.111774325, 0.127924, -0.11782247, -0.9847605, 0.9903401, -0.03838253, 0.13324118]
1428589683284, 205780611712, [-0.053610325, -0.9922714, 0.11190823, 0.1278899, -0.117969334, -0.9847474, 0.99033844, -0.03848064, 0.13322586]
1428589683286, 205785555559, [-0.053684235, -0.9922575, 0.11199525, 0.12784263, -0.11806363, -0.98474216, 0.9903405, -0.038547397, 0.13319105]
1428589683291, 205790468889, [-0.05379802, -0.9922363, 0.11212894, 0.12776905, -0.118208766, -0.9847344, 0.9903438, -0.038650066, 0.13313645]
1428589683296, 205795382220, [-0.05390078, -0.99221945, 0.11222929, 0.12771702, -0.11831993, -0.9847278, 0.99034494, -0.038744032, 0.13310084]
1428589683301, 205800295550, [-0.054035306, -0.99219406, 0.11238742, 0.12763032, -0.11849135, -0.9847183, 0.9903487, -0.038865566, 0.13303682]
1428589683307, 205805605608, [-0.05421418, -0.9921606, 0.112597495, 0.12755007, -0.11872059, -0.9847012, 0.9903494, -0.039022863, 0.13298646]
1428589683311, 205810152727, [-0.05436027, -0.992133, 0.112769336, 0.12754333, -0.11891031, -0.9846791, 0.99034214, -0.039144486, 0.13300407]
1428589683316, 205815066057, [-0.0546059, -0.9920747, 0.113162875, 0.12755617, -0.11933416, -0.9846262, 0.990327, -0.039331794, 0.13306165]
1428589683321, 205820009905, [-0.054766834, -0.9920443, 0.11335191, 0.12754598, -0.11954278, -0.9846022, 0.9903194, -0.039466053, 0.13307834]
1428589683325, 205824923235, [-0.054905474, -0.992018, 0.11351472, 0.12755343, -0.11972326, -0.9845793, 0.99031085, -0.03957963, 0.13310874]
1428589683331, 205829836565, [-0.055052936, -0.9920305, 0.11333373, 0.12753198, -0.11956239, -0.9846016, 0.9903054, -0.03975153, 0.13309795]
1428589683336, 205835146624, [-0.055214465, -0.9920336, 0.11322877, 0.12749326, -0.119478285, -0.9846169, 0.9903014, -0.03992915, 0.13307449]
1428589683341, 205839693743, [-0.05531007, -0.9920559, 0.112986416, 0.12753847, -0.119252205, -0.9846384, 0.99029016, -0.040050328, 0.13312119]
1428589683345, 205844607073, [-0.055431366, -0.9920745, 0.112763345, 0.12759218, -0.11904925, -0.9846561, 0.9902765, -0.04019311, 0.13317999]
1428589683351, 205849550921, [-0.055580318, -0.992084, 0.11260581, 0.12769079, -0.11891681, -0.9846592, 0.9902555, -0.040348977, 0.13328943]
1428589683355, 205854464251, [-0.055661976, -0.9921385, 0.11208475, 0.12778556, -0.1184144, -0.98470753, 0.99023867, -0.040487945, 0.13337213]
1428589683360, 205859377581, [-0.05580312, -0.9921384, 0.112015545, 0.12792408, -0.118370295, -0.98469484, 0.99021286, -0.040619493, 0.13352379]
1428589683366, 205864687639, [-0.055876434, -0.9921454, 0.111916214, 0.12805876, -0.11828703, -0.9846873, 0.99019134, -0.04068896, 0.13366234]
1428589683371, 205869234759, [-0.05595219, -0.992142, 0.11190894, 0.12818664, -0.11829519, -0.9846697, 0.9901705, -0.040749192, 0.13379824]
1428589683375, 205874148089, [-0.055986464, -0.99216235, 0.111711055, 0.12835896, -0.11811054, -0.9846694, 0.99014616, -0.040789068, 0.13396555]
1428589683380, 205879061419, [-0.05598402, -0.992161, 0.11172438, 0.12848788, -0.11812878, -0.98465043, 0.9901296, -0.040769517, 0.13409397]
1428589683384, 205884005266, [-0.056037664, -0.9921435, 0.11185247, 0.12861463, -0.11826831, -0.9846171, 0.9901101, -0.040789753, 0.13423163]
1428589683389, 205888918596, [-0.056065977, -0.99212575, 0.11199558, 0.12877259, -0.11842054, -0.98457813, 0.990088, -0.040779382, 0.13439801]
1428589683395, 205894228655, [-0.056047022, -0.99211776, 0.11207637, 0.12891376, -0.11850411, -0.98454964, 0.9900707, -0.04073283, 0.1345394]
1428589683399, 205898775774, [-0.05602318, -0.9921019, 0.11222845, 0.12904692, -0.11865717, -0.98451376, 0.99005467, -0.04067281, 0.1346753]
1428589683404, 205903689104, [-0.0560205, -0.9920765, 0.112454444, 0.12920001, -0.118887424, -0.98446596, 0.99003494, -0.04062119, 0.1348364]
1428589683411, 205908602434, [-0.055999577, -0.99205047, 0.11269379, 0.12932783, -0.11912733, -0.98442006, 0.9900193, -0.040552706, 0.1349709]
1428589683415, 205913546282, [-0.05599028, -0.9920187, 0.112977445, 0.12940487, -0.119410634, -0.9843757, 0.99000984, -0.040495664, 0.1350579]
1428589683420, 205918429095, [-0.055967033, -0.9919875, 0.11326268, 0.12952775, -0.11969566, -0.98432493, 0.9899951, -0.0404191, 0.13518888]
1428589683425, 205923739153, [-0.05591488, -0.99195653, 0.113559484, 0.12968546, -0.119989514, -0.9842683, 0.98997736, -0.040308207, 0.13535154]
1428589683429, 205928286272, [-0.055874884, -0.9919288, 0.11382124, 0.12976542, -0.12024701, -0.98422635, 0.98996913, -0.04022345, 0.13543683]
1428589683434, 205933230120, [-0.055833817, -0.99189574, 0.11412963, 0.12984711, -0.12055075, -0.9841785, 0.9899608, -0.040131032, 0.13552555]
1428589683439, 205938143450, [-0.055805206, -0.99186397, 0.114418626, 0.1298945, -0.12083554, -0.9841373, 0.98995614, -0.04005766, 0.13558099]
1428589683444, 205943056780, [-0.05573052, -0.9918401, 0.11466175, 0.1300433, -0.12107259, -0.98408854, 0.9899408, -0.039932877, 0.13572964]
1428589683449, 205947970110, [-0.055647016, -0.9918176, 0.114896744, 0.1300992, -0.121296704, -0.9840535, 0.98993814, -0.03981161, 0.13578448]
1428589683454, 205953280169, [-0.055567563, -0.991788, 0.11518988, 0.13021207, -0.12158126, -0.9840034, 0.98992777, -0.039679497, 0.13589874]
1428589683459, 205957827288, [-0.05555761, -0.9917556, 0.11547351, 0.13026443, -0.121863365, -0.9839616, 0.98992145, -0.039624453, 0.13596097]
1428589683463, 205962740618, [-0.055527866, -0.9917244, 0.11575648, 0.13031605, -0.122142136, -0.9839202, 0.9899163, -0.039550036, 0.13601986]
1428589683468, 205967684466, [-0.055475354, -0.99169755, 0.11601025, 0.13039264, -0.12238979, -0.9838793, 0.98990923, -0.039454132, 0.13609967]
1428589683474, 205972597796, [-0.055346847, -0.9917005, 0.11604664, 0.13050193, -0.12241274, -0.9838619, 0.9899019, -0.039309353, 0.13619405]
1428589683478, 205977572161, [-0.05527711, -0.99167717, 0.116279185, 0.13056841, -0.12263656, -0.9838252, 0.9898971, -0.039200634, 0.13626075]
1428589683483, 205982821184, [-0.055229723, -0.9916482, 0.11654809, 0.1306183, -0.12289882, -0.983786, 0.9898932, -0.03911093, 0.13631505]
1428589683488, 205987368304, [-0.05515033, -0.9916317, 0.11672619, 0.13066906, -0.123066664, -0.98375815, 0.98989093, -0.03900212, 0.13636273]
1428589683493, 205992281634, [-0.05510068, -0.99162185, 0.116833925, 0.13075498, -0.12317014, -0.98373383, 0.98988235, -0.038927734, 0.13644621]
1428589683498, 205997194964, [-0.055011332, -0.99160707, 0.11700103, 0.13072279, -0.12332237, -0.983719, 0.9898915, -0.038820982, 0.13640982]
1428589683503, 206002138811, [-0.05493176, -0.9915916, 0.117168814, 0.13074777, -0.12347895, -0.9836961, 0.9898927, -0.038716584, 0.1364313]
1428589683507, 206007052141, [-0.05486417, -0.99157697, 0.11732435, 0.13068444, -0.12362158, -0.98368657, 0.98990476, -0.038636655, 0.13636604]
1428589683513, 206012362200, [-0.05481249, -0.9915722, 0.117388874, 0.13066345, -0.12367767, -0.98368233, 0.9899105, -0.038579643, 0.13634133]
1428589683517, 206016909319, [-0.05475998, -0.9915637, 0.11748552, 0.13065362, -0.123765945, -0.9836725, 0.98991466, -0.038516015, 0.13632882]
1428589683522, 206021822649, [-0.05469209, -0.99155986, 0.117549, 0.130609, -0.12381792, -0.9836719, 0.98992425, -0.038446188, 0.13627857]
1428589683527, 206026735979, [-0.054679036, -0.9915476, 0.117658705, 0.13063595, -0.12392616, -0.98365474, 0.98992145, -0.038414806, 0.13630784]
1428589683532, 206031679827, [-0.054659486, -0.9915514, 0.11763534, 0.13065961, -0.12390113, -0.9836546, 0.9899193, -0.03839585, 0.13632813]
1428589683537, 206036593157, [-0.05468571, -0.9915388, 0.117729515, 0.13070351, -0.123999834, -0.9836365, 0.98991215, -0.038403183, 0.13637865]
1428589683542, 206041903216, [-0.054701805, -0.99153054, 0.11779249, 0.13070682, -0.124064624, -0.98362786, 0.98991084, -0.03840989, 0.13638633]
1428589683547, 206046419817, [-0.05471611, -0.9915247, 0.117833674, 0.13074145, -0.12410873, -0.98361766, 0.9899054, -0.03841403, 0.13642424]
1428589683553, 206051394182, [-0.054727793, -0.9915275, 0.11780533, 0.13077503, -0.12408364, -0.98361635, 0.98990035, -0.038425177, 0.1364578]
1428589683557, 206056276995, [-0.05473858, -0.99152684, 0.11780584, 0.1308718, -0.1240893, -0.98360276, 0.989887, -0.038423628, 0.1365554]
1428589683562, 206061190325, [-0.05479604, -0.9915184, 0.11785048, 0.13098958, -0.124146044, -0.98358, 0.9898682, -0.038459092, 0.13668132]
1428589683567, 206066103655, [-0.054838717, -0.99151206, 0.11788303, 0.13108215, -0.12418783, -0.98356235, 0.98985356, -0.03848496, 0.13677984]
1428589683572, 206071413714, [-0.0549013, -0.99148947, 0.11804429, 0.13116997, -0.12435973, -0.98352885, 0.9898385, -0.038513154, 0.1368812]
1428589683576, 206075960833, [-0.054995835, -0.9914752, 0.11812022, 0.1312182, -0.12444985, -0.9835111, 0.9898269, -0.038589507, 0.13694379]
1428589683581, 206080904680, [-0.055047095, -0.9914701, 0.11813909, 0.13134885, -0.124480724, -0.98348963, 0.9898067, -0.0386208, 0.13708076]
1428589683586, 206085818011, [-0.055097282, -0.99146515, 0.118157566, 0.131486, -0.1245113, -0.9834675, 0.98978573, -0.038650334, 0.13722405]
1428589683592, 206090761858, [-0.05514574, -0.9914691, 0.118101865, 0.1315282, -0.12446439, -0.9834678, 0.98977745, -0.038700372, 0.13726982]
1428589683596, 206095675188, [-0.055190384, -0.99146044, 0.11815399, 0.13163438, -0.12452644, -0.98344576, 0.9897608, -0.038723588, 0.13738286]
1428589683602, 206100954729, [-0.055210114, -0.9914565, 0.118177086, 0.13177693, -0.124557614, -0.9834227, 0.9897407, -0.03872186, 0.13752794]
1428589683606, 206105532366, [-0.05523646, -0.99145144, 0.11820787, 0.13181466, -0.12459332, -0.98341316, 0.98973423, -0.038738668, 0.13756984]
1428589683612, 206110445696, [-0.055251777, -0.991441, 0.11828771, 0.13184023, -0.12467557, -0.9833993, 0.98973, -0.038739443, 0.13760033]
1428589683616, 206115359026, [-0.055235505, -0.9914442, 0.11826873, 0.13189024, -0.12465644, -0.983395, 0.98972416, -0.038719803, 0.13764727]
1428589683621, 206120272356, [-0.055224657, -0.99144626, 0.11825594, 0.13197538, -0.12464565, -0.98338497, 0.98971343, -0.038700134, 0.13772997]
1428589683626, 206125216204, [-0.05528772, -0.991434, 0.11832979, 0.13208342, -0.12473184, -0.9833595, 0.98969555, -0.03873831, 0.13784808]
1428589683632, 206130526263, [-0.05532092, -0.99141973, 0.118433714, 0.1322332, -0.124845326, -0.983325, 0.98967373, -0.038737625, 0.13800511]
1428589683636, 206135042864, [-0.05532825, -0.99141836, 0.11844227, 0.13240448, -0.12486148, -0.9832999, 0.98965037, -0.03872198, 0.13817656]
1428589683641, 206139986712, [-0.055327475, -0.9914185, 0.11844128, 0.13249996, -0.12486416, -0.98328674, 0.9896377, -0.038709283, 0.13827133]
1428589683646, 206144900042, [-0.055375874, -0.99140894, 0.11849794, 0.13265416, -0.124933064, -0.9832572, 0.98961425, -0.03872946, 0.13843277]
1428589683651, 206149843889, [-0.05536568, -0.9914204, 0.11840704, 0.13281187, -0.12484771, -0.9832467, 0.98959374, -0.038712233, 0.13858467]
1428589683655, 206154757220, [-0.055361748, -0.9914211, 0.11840242, 0.13291022, -0.1248464, -0.9832335, 0.9895807, -0.038696587, 0.13868174]
1428589683661, 206160036761, [-0.055392683, -0.99141514, 0.11843866, 0.13301805, -0.124890804, -0.9832133, 0.9895645, -0.03870833, 0.13879415]
1428589683665, 206164583880, [-0.055496395, -0.9913948, 0.11855981, 0.13318294, -0.12503195, -0.9831731, 0.9895364, -0.038772404, 0.13897568]
1428589683671, 206169527727, [-0.055523455, -0.9913888, 0.11859739, 0.13326275, -0.12507606, -0.9831567, 0.98952425, -0.03878358, 0.13905987]
1428589683676, 206174441057, [-0.055589736, -0.9913758, 0.118674845, 0.13347578, -0.12517047, -0.9831157, 0.9894917, -0.03881094, 0.13928288]
1428589683683, 206179384905, [-0.05563712, -0.9913665, 0.11873022, 0.13362873, -0.125238, -0.98308635, 0.98946846, -0.03883031, 0.13944298]
1428589683687, 206184298235, [-0.055682898, -0.99135756, 0.11878371, 0.13373518, -0.12530166, -0.9830638, 0.9894515, -0.03885427, 0.13955659]
1428589683691, 206189608294, [-0.055713892, -0.99128985, 0.11933276, 0.13386193, -0.12585533, -0.9829757, 0.9894326, -0.03879127, 0.13970795]
1428589683695, 206194124895, [-0.055662453, -0.99130005, 0.11927262, 0.13402408, -0.12579489, -0.9829614, 0.9894136, -0.038728595, 0.1398601]
1428589683700, 206199068743, [-0.05557108, -0.991318, 0.11916587, 0.13419297, -0.12568283, -0.9829527, 0.98939574, -0.038632512, 0.14001226]
1428589683705, 206203982073, [-0.055449605, -0.9913419, 0.11902389, 0.13437909, -0.12553227, -0.98294663, 0.9893774, -0.038509637, 0.14017633]
1428589683710, 206208925921, [-0.05530244, -0.9913778, 0.118792266, 0.13460141, -0.12529051, -0.98294693, 0.9893553, -0.038369834, 0.1403698]
1428589683714, 206213808733, [-0.05515194, -0.99140733, 0.11861622, 0.13471466, -0.12509924, -0.9829558, 0.9893484, -0.038232565, 0.1404565]
1428589683720, 206219118792, [-0.055023134, -0.9914324, 0.11846578, 0.13481829, -0.124935925, -0.9829624, 0.9893415, -0.03811437, 0.14053759]
1428589683724, 206223665911, [-0.054926693, -0.99145126, 0.11835301, 0.13489631, -0.12481356, -0.98296726, 0.98933613, -0.038025737, 0.14059871]
1428589683730, 206228609759, [-0.054792285, -0.99147284, 0.118234366, 0.13494113, -0.12467873, -0.98297817, 0.98933744, -0.03790492, 0.1406219]
1428589683735, 206233523089, [-0.054664075, -0.99149776, 0.11808452, 0.13498303, -0.124513686, -0.98299336, 0.9893389, -0.037794948, 0.14064181]
1428589683740, 206238436419, [-0.05449325, -0.9915309, 0.11788499, 0.13498357, -0.12429172, -0.98302126, 0.9893482, -0.037655562, 0.14061353]
1428589683745, 206243349749, [-0.05434692, -0.99155927, 0.1177139, 0.13494626, -0.12410021, -0.98305064, 0.9893613, -0.037540734, 0.14055169]
1428589683750, 206248659807, [-0.054194033, -0.99159324, 0.11749807, 0.13497123, -0.123865545, -0.9830768, 0.9893664, -0.037417978, 0.14054933]
1428589683757, 206253206927, [-0.05407238, -0.9916168, 0.11735591, 0.13495117, -0.12370676, -0.9830996, 0.9893757, -0.03732118, 0.14050895]
1428589683759, 206258150774, [-0.053958356, -0.9916388, 0.11722267, 0.13510361, -0.1235643, -0.9830966, 0.98936117, -0.037209064, 0.14064133]
1428589683764, 206263064104, [-0.053856134, -0.9916584, 0.1171031, 0.13535625, -0.12344086, -0.9830773, 0.9893322, -0.037094086, 0.14087522]
1428589683769, 206267977434, [-0.053706825, -0.9917194, 0.11665395, 0.13567084, -0.12298626, -0.9830909, 0.9892973, -0.036972135, 0.14115265]
1428589683774, 206272890764, [-0.053604186, -0.99173903, 0.116534054, 0.13595605, -0.12286347, -0.9830669, 0.9892636, -0.036853105, 0.14141902]
1428589683779, 206278261858, [-0.053431988, -0.991772, 0.1163325, 0.13624853, -0.122650206, -0.983053, 0.98923266, -0.036676347, 0.14168093]
1428589683783, 206282747942, [-0.053283453, -0.9918004, 0.11615878, 0.13659528, -0.12246972, -0.9830274, 0.9891929, -0.036512315, 0.14200088]
1428589683789, 206287691790, [-0.053099275, -0.9918866, 0.11550534, 0.13704336, -0.12181234, -0.98304677, 0.98914087, -0.03636983, 0.14239955]
1428589683793, 206292605120, [-0.05304116, -0.9918976, 0.11543739, 0.13728619, -0.121745646, -0.98302114, 0.98911023, -0.036292702, 0.14263138]
1428589683798, 206297518450, [-0.052913785, -0.9919218, 0.11528832, 0.13747862, -0.1215868, -0.98301387, 0.9890904, -0.036165327, 0.14280161]
1428589683803, 206302431780, [-0.052758634, -0.9919511, 0.1151067, 0.13757458, -0.12138802, -0.983025, 0.9890853, -0.036027253, 0.14287153]
1428589683808, 206307741839, [-0.05259168, -0.9919754, 0.114973664, 0.13774696, -0.12123859, -0.98301935, 0.9890702, -0.035861403, 0.14301774]
1428589683813, 206312288958, [-0.0524655, -0.99199915, 0.114825994, 0.13786459, -0.12107843, -0.9830226, 0.9890605, -0.03574431, 0.143114]
1428589683817, 206317202288, [-0.052425742, -0.99200666, 0.11477953, 0.13797745, -0.12103069, -0.9830126, 0.9890469, -0.035698235, 0.14321971]
1428589683823, 206322146136, [-0.05235219, -0.9920205, 0.11469352, 0.1382016, -0.12094307, -0.9829919, 0.9890195, -0.035610974, 0.14343044]
1428589683828, 206327059466, [-0.052300572, -0.9920169, 0.11474818, 0.13846457, -0.12099922, -0.982948, 0.9889855, -0.035520136, 0.14368752]
1428589683832, 206331972796, [-0.052212477, -0.9920335, 0.11464512, 0.1389314, -0.12090111, -0.9828942, 0.9889246, -0.03539154, 0.14413717]
1428589683838, 206337282854, [-0.052091002, -0.99205625, 0.114503175, 0.1394862, -0.120762706, -0.9828326, 0.988853, -0.035225093, 0.14466882]
1428589683842, 206341829973, [-0.05213982, -0.9920194, 0.11479932, 0.14006591, -0.121083856, -0.98271066, 0.9887684, -0.035158932, 0.14526144]
1428589683847, 206346743304, [-0.052277744, -0.9919505, 0.115330696, 0.1406467, -0.121650994, -0.98255765, 0.9886787, -0.035144955, 0.14587417]
1428589683852, 206351687151, [-0.052320957, -0.9919189, 0.115583, 0.14131677, -0.12193102, -0.9824269, 0.9885809, -0.035067707, 0.14655429]
1428589683857, 206356600481, [-0.052289546, -0.9919053, 0.11571428, 0.14198548, -0.12208009, -0.98231184, 0.98848665, -0.03493488, 0.1472196]
1428589683862, 206361513811, [-0.052231133, -0.9918995, 0.11578995, 0.14275467, -0.12217349, -0.9821887, 0.98837894, -0.034771293, 0.14797959]
1428589683867, 206366823870, [-0.052157342, -0.9918886, 0.11591637, 0.14356405, -0.12231606, -0.98205304, 0.98826563, -0.034579903, 0.14877927]
1428589683872, 206371370989, [-0.05215633, -0.9918772, 0.1160146, 0.14431754, -0.12243956, -0.98192716, 0.98815596, -0.034470767, 0.14953128]
1428589683877, 206376284319, [-0.052110076, -0.99187624, 0.11604339, 0.14497927, -0.12248409, -0.98182416, 0.9880615, -0.03433898, 0.15018418]
1428589683882, 206381197649, [-0.052088797, -0.9918708, 0.11609915, 0.14552718, -0.12255508, -0.9817343, 0.98798215, -0.034241825, 0.15072796]
1428589683887, 206386141497, [-0.052107394, -0.99186087, 0.11617532, 0.14593634, -0.122647464, -0.9816619, 0.98792076, -0.03419766, 0.15113941]
1428589683891, 206391054827, [-0.052105486, -0.9918534, 0.11624062, 0.14624661, -0.122722626, -0.9816065, 0.987875, -0.034147292, 0.15144971]
1428589683897, 206396364886, [-0.052146196, -0.9918411, 0.11632773, 0.14650467, -0.122823894, -0.9815552, 0.9878346, -0.03414187, 0.15171412]
1428589683901, 206400912005, [-0.052203894, -0.9918298, 0.11639759, 0.14671856, -0.12290919, -0.9815126, 0.98779976, -0.03416115, 0.15193614]
1428589683907, 206405825335, [-0.052218437, -0.9918449, 0.116262496, 0.14698091, -0.12278676, -0.98148865, 0.98776, -0.034163415, 0.15219405]
1428589683911, 206410738665, [-0.052329063, -0.99183404, 0.11630508, 0.14724922, -0.12285507, -0.9814399, 0.9877142, -0.03423196, 0.15247574]
1428589683916, 206415682513, [-0.05240822, -0.9918333, 0.1162757, 0.14752328, -0.12284762, -0.98139966, 0.9876691, -0.034280032, 0.15275675]
1428589683921, 206420595843, [-0.052513182, -0.9918307, 0.116250604, 0.14783648, -0.12284976, -0.98135227, 0.98761666, -0.034347832, 0.15307999]
1428589683926, 206425905901, [-0.05266708, -0.99177706, 0.11663857, 0.14812148, -0.123267174, -0.981257, 0.9875659, -0.034403265, 0.15339556]
1428589683931, 206430453020, [-0.05270374, -0.9917919, 0.11649507, 0.14839095, -0.123140216, -0.98123217, 0.9875234, -0.03442785, 0.15366289]
1428589683936, 206435366350, [-0.05273068, -0.99181235, 0.11630896, 0.14876297, -0.1229732, -0.98119676, 0.987466, -0.034436703, 0.15402946]
1428589683941, 206440279680, [-0.052810967, -0.9918244, 0.11616975, 0.14914978, -0.122861326, -0.98115206, 0.98740333, -0.034488887, 0.15441886]
1428589683946, 206445223528, [-0.052975655, -0.9917591, 0.11665046, 0.14964265, -0.12337965, -0.981012, 0.98731995, -0.03451395, 0.15494564]
1428589683951, 206450136858, [-0.053052306, -0.9917728, 0.1164996, 0.15028036, -0.12326467, -0.9809289, 0.9872189, -0.034532994, 0.1555835]
1428589683956, 206455446917, [-0.05320978, -0.9917717, 0.11643711, 0.15106514, -0.123254895, -0.98080957, 0.9870907, -0.034599036, 0.15638056]
1428589683961, 206459994036, [-0.053333163, -0.99177027, 0.11639324, 0.15178192, -0.12325609, -0.9806988, 0.9869741, -0.034637302, 0.15710643]
1428589683966, 206464907366, [-0.053491175, -0.99174523, 0.11653367, 0.15261623, -0.123449266, -0.98054504, 0.9868369, -0.034665555, 0.15795982]
1428589683971, 206469851214, [-0.0536201, -0.9917356, 0.11655626, 0.15345284, -0.12352145, -0.98040533, 0.98670006, -0.034683555, 0.15880784]
1428589683976, 206474764544, [-0.053727746, -0.99172425, 0.116603374, 0.15428317, -0.12361431, -0.98026335, 0.98656476, -0.034677386, 0.15964785]
1428589683980, 206479677874, [-0.053810775, -0.9917121, 0.11666793, 0.15517423, -0.12372273, -0.980109, 0.98642045, -0.034636587, 0.1605458]
1428589683986, 206484987932, [-0.053845465, -0.99172914, 0.11650711, 0.15616259, -0.12360406, -0.979967, 0.9862626, -0.03457275, 0.1615265]
1428589683990, 206489535052, [-0.053945363, -0.9917065, 0.11665374, 0.15698767, -0.12379414, -0.9798112, 0.9861261, -0.034543067, 0.16236377]
1428589683995, 206494448382, [-0.05400431, -0.9916878, 0.11678633, 0.1578112, -0.123963535, -0.97965753, 0.9859915, -0.034475476, 0.16319391]
1428589684000, 206499361712, [-0.05412835, -0.99165386, 0.11701614, 0.15854877, -0.12423664, -0.97950375, 0.98586637, -0.034466147, 0.1639502]
1428589684005, 206504305559, [-0.054125845, -0.9916482, 0.11706498, 0.1593791, -0.124313414, -0.97935915, 0.98573256, -0.03435096, 0.16477656]
1428589684010, 206509218889, [-0.05412543, -0.99163246, 0.117198825, 0.160095, -0.12447047, -0.97922254, 0.98561656, -0.03423789, 0.16549242]
1428589684015, 206514528948, [-0.05413592, -0.9916101, 0.11738211, 0.1608575, -0.124679565, -0.9790709, 0.9854918, -0.034121156, 0.16625762]
1428589684020, 206519076067, [-0.054124177, -0.9915931, 0.11753088, 0.161448, -0.12484497, -0.9789526, 0.98539585, -0.034009874, 0.16684794]
1428589684025, 206523989397, [-0.05400169, -0.9916371, 0.11721623, 0.16208637, -0.1245358, -0.97888654, 0.9852978, -0.033862412, 0.167456]
1428589684029, 206528902727, [-0.053980887, -0.99161434, 0.11741865, 0.16263333, -0.12475091, -0.9787684, 0.98520887, -0.033738554, 0.16800368]
1428589684034, 206533877093, [-0.053956628, -0.9915899, 0.11763549, 0.16311765, -0.12497735, -0.9786589, 0.9851301, -0.03361669, 0.16848913]
1428589684039, 206538759905, [-0.053908646, -0.99157006, 0.117824554, 0.16354245, -0.12517029, -0.9785633, 0.98506224, -0.033483744, 0.16891158]
1428589684045, 206544069964, [-0.05387658, -0.99150914, 0.11835086, 0.16394216, -0.12569779, -0.97842884, 0.98499763, -0.033311695, 0.16932228]
1428589684052, 206548617083, [-0.05382049, -0.99149406, 0.11850223, 0.16430709, -0.12584996, -0.9783481, 0.9849398, -0.03318447, 0.16968286]
1428589684054, 206553530413, [-0.053765178, -0.9914796, 0.1186485, 0.16463941, -0.12599605, -0.9782734, 0.98488736, -0.033062816, 0.17001086]
1428589684059, 206558474261, [-0.05369419, -0.99147105, 0.11875191, 0.16491494, -0.12609524, -0.9782142, 0.98484516, -0.032940567, 0.170279]
1428589684064, 206563387591, [-0.053739905, -0.99138355, 0.11946005, 0.16517639, -0.12681043, -0.97807765, 0.98479885, -0.03282985, 0.17056796]
1428589684069, 206568300921, [-0.05368197, -0.9913784, 0.11952865, 0.16546944, -0.12687796, -0.97801936, 0.9847528, -0.032723665, 0.17085391]
1428589684074, 206573610979, [-0.05367905, -0.9913641, 0.11964896, 0.16585913, -0.1270091, -0.9779363, 0.98468745, -0.032649815, 0.17124447]
1428589684079, 206578219134, [-0.053639293, -0.9913616, 0.119686455, 0.16626295, -0.12705255, -0.97786206, 0.9846214, -0.03255242, 0.17164174]
1428589684084, 206583071429, [-0.053723633, -0.9913116, 0.12006268, 0.16674477, -0.12745416, -0.9777278, 0.98453534, -0.0325073, 0.17214328]
1428589684088, 206587984759, [-0.05383098, -0.9912972, 0.12013331, 0.16752237, -0.127568, -0.97757995, 0.98439753, -0.032499045, 0.17293158]
1428589684093, 206592928606, [-0.053982377, -0.9912827, 0.120185405, 0.16854087, -0.12767929, -0.9773904, 0.9842154, -0.03250578, 0.17396408]
1428589684098, 206597841936, [-0.054183602, -0.99126387, 0.120250255, 0.16973615, -0.12781793, -0.9771654, 0.9839989, -0.032535493, 0.17517895]
1428589684104, 206603151995, [-0.054390788, -0.9912509, 0.12026343, 0.17115149, -0.12791425, -0.9769059, 0.98374224, -0.032551467, 0.17661136]
1428589684108, 206607668596, [-0.054516137, -0.9912528, 0.120191276, 0.17249903, -0.12790996, -0.97666943, 0.98349994, -0.032511324, 0.17796326]
1428589684113, 206612612444, [-0.054664314, -0.9912536, 0.12011659, 0.1738852, -0.1279087, -0.97642374, 0.9832475, -0.03248909, 0.1793564]
1428589684118, 206617525774, [-0.0547539, -0.99126315, 0.119997114, 0.17520583, -0.12785077, -0.97619516, 0.983008, -0.032426298, 0.18067542]
1428589684123, 206622439104, [-0.054845393, -0.99125934, 0.11998704, 0.17649254, -0.12789994, -0.9759569, 0.9827728, -0.032349944, 0.1819646]
1428589684128, 206627352434, [-0.054869056, -0.99127126, 0.119877964, 0.177699, -0.12783653, -0.9757463, 0.9825541, -0.03223607, 0.18316215]
1428589684133, 206632662493, [-0.05492407, -0.9912741, 0.11982873, 0.17887226, -0.12783659, -0.9755319, 0.9823381, -0.032146156, 0.18433282]
1428589684138, 206637209612, [-0.054945648, -0.9912785, 0.1197817, 0.1797863, -0.12782413, -0.9753654, 0.98216987, -0.032057017, 0.18524185]
1428589684143, 206642153460, [-0.054968596, -0.99127924, 0.11976567, 0.18067968, -0.12784183, -0.97519803, 0.98200476, -0.03196609, 0.18613133]
1428589684147, 206647066790, [-0.055000007, -0.9912775, 0.119766295, 0.18141931, -0.12787235, -0.97505677, 0.98186666, -0.031900167, 0.1868698]
1428589684153, 206651980120, [-0.055048466, -0.9912702, 0.11980462, 0.1820991, -0.12794125, -0.974921, 0.9817381, -0.0318515, 0.18755236]
1428589684157, 206656893450, [-0.05510485, -0.9912597, 0.11986515, 0.18266499, -0.1280297, -0.97480345, 0.9816297, -0.03182122, 0.1881235]
1428589684163, 206662203509, [-0.05505109, -0.99128425, 0.11968669, 0.18312693, -0.12785906, -0.9747392, 0.98154664, -0.031742543, 0.1885696]
1428589684167, 206666750628, [-0.055048406, -0.9912865, 0.11966947, 0.18351176, -0.12785405, -0.97466755, 0.981475, -0.03169313, 0.1889509]
1428589684172, 206671663958, [-0.055041194, -0.9912924, 0.1196239, 0.18383557, -0.12781835, -0.9746112, 0.9814148, -0.03165263, 0.18927002]
1428589684177, 206676607805, [-0.055030882, -0.9913007, 0.11956024, 0.1840676, -0.1277613, -0.9745749, 0.9813719, -0.031624556, 0.18949708]
1428589684182, 206681521136, [-0.054964364, -0.99133766, 0.11928302, 0.18426728, -0.12748247, -0.9745736, 0.9813381, -0.031586885, 0.18967816]
1428589684187, 206686434466, [-0.054961383, -0.99135065, 0.119176924, 0.18446824, -0.12738413, -0.9745486, 0.98130053, -0.031578213, 0.1898739]
1428589684192, 206691744524, [-0.054958045, -0.99136823, 0.119032264, 0.18473893, -0.12724996, -0.9745148, 0.9812498, -0.031567514, 0.19013768]
1428589684197, 206696291643, [-0.054985344, -0.99138004, 0.11892104, 0.18492311, -0.12715185, -0.97449267, 0.98121357, -0.031591535, 0.19032055]
1428589684202, 206701235491, [-0.055011928, -0.9913955, 0.11878082, 0.18513313, -0.12702584, -0.9744692, 0.98117244, -0.031617135, 0.19052798]
1428589684207, 206706148821, [-0.05504006, -0.99141484, 0.118605345, 0.18534201, -0.12686539, -0.97445035, 0.98113143, -0.03165126, 0.19073349]
1428589684212, 206711062151, [-0.05513847, -0.9914256, 0.118469805, 0.18560976, -0.12675965, -0.97441316, 0.9810753, -0.03173855, 0.19100758]
1428589684222, 206715975481, [-0.055253386, -0.99141586, 0.118498, 0.1859343, -0.12681991, -0.97434354, 0.98100746, -0.031802922, 0.1913454]
1428589684224, 206721285540, [-0.05536765, -0.99143416, 0.118290484, 0.18646723, -0.12665516, -0.97426295, 0.98089975, -0.031885386, 0.19188261]
1428589684230, 206725832659, [-0.055473804, -0.9914508, 0.11810219, 0.18712059, -0.12651193, -0.9741564, 0.9807694, -0.0319407, 0.19253889]
1428589684233, 206730745989, [-0.05563295, -0.9914617, 0.11793512, 0.18801302, -0.12640762, -0.97399807, 0.9805897, -0.03201306, 0.19344008]
1428589684239, 206735689837, [-0.055838406, -0.9914652, 0.11780849, 0.18902168, -0.12635618, -0.97380954, 0.9803841, -0.032107532, 0.19446385]
1428589684242, 206740603167, [-0.056135833, -0.99142, 0.11804801, 0.19006401, -0.12668365, -0.973564, 0.98016554, -0.03221509, 0.19554475]
