1430674412356
3.97
1430674411574, 2770006640689, [0.1185087, -0.9718478, 0.2036362, -0.009063572, -0.20613164, -0.97848237, 0.9929117, 0.114113, -0.0332368]
1430674411578, 2770011584536, [0.118989885, -0.971745, 0.20384592, -0.008924693, -0.206343, -0.9784391, 0.99285537, 0.1146051, -0.033225298]
1430674411583, 2770016528384, [0.11985952, -0.9716625, 0.2037296, -0.0085859, -0.2062158, -0.9784689, 0.99275374, 0.11552966, -0.033059567]
1430674411588, 2770021502749, [0.12095201, -0.9715917, 0.20342132, -0.008337408, -0.20591289, -0.9785348, 0.9926233, 0.11665967, -0.03300616]
1430674411593, 2770026446597, [0.12217075, -0.97155213, 0.2028814, -0.0076815784, -0.2053321, -0.97866225, 0.9924794, 0.118005425, -0.032548666]
1430674411599, 2770031787173, [0.123378515, -0.97148496, 0.20247152, -0.0067486167, -0.20484698, -0.9787707, 0.99233675, 0.11939281, -0.031829834]
1430674411605, 2770036364810, [0.12451339, -0.97144014, 0.20199123, -0.006139934, -0.20432597, -0.9788836, 0.99219894, 0.12064394, -0.031405866]
1430674411608, 2770041339175, [0.12571186, -0.9713973, 0.20145434, -0.006519258, -0.20386982, -0.97897625, 0.99204534, 0.12175557, -0.03196162]
1430674411613, 2770046252505, [0.1263566, -0.971298, 0.20152959, -0.007178664, -0.20404792, -0.9789345, 0.99195886, 0.12224805, -0.032755405]
1430674411618, 2770051196353, [0.12662196, -0.9712169, 0.2017537, -0.007945746, -0.2043773, -0.97885984, 0.99191916, 0.12234205, -0.03359565]
1430674411622, 2770056170718, [0.12699318, -0.9711559, 0.20181456, -0.00854668, -0.20452571, -0.9788239, 0.9918668, 0.12257919, -0.034273595]
1430674411628, 2770061480777, [0.12747347, -0.9711115, 0.20172507, -0.009943962, -0.20462537, -0.97878987, 0.99179214, 0.12276381, -0.03574097]
1430674411634, 2770066058413, [0.12801003, -0.9710351, 0.20175251, -0.011334151, -0.20484513, -0.9787287, 0.99170804, 0.123000324, -0.037228078]
1430674411637, 2770071002261, [0.12867469, -0.9710822, 0.20110229, -0.012365311, -0.2043435, -0.97882116, 0.9916098, 0.123462796, -0.038301617]
1430674411643, 2770075976626, [0.12910163, -0.97113085, 0.2005932, -0.012616247, -0.20387822, -0.9789149, 0.99155104, 0.12384874, -0.038572997]
1430674411648, 2770080920474, [0.12927413, -0.9711736, 0.200275, -0.012356818, -0.20353174, -0.9789904, 0.9915319, 0.12408334, -0.038311988]
1430674411654, 2770085864321, [0.12918043, -0.97111154, 0.20063597, -0.0119458735, -0.20384061, -0.9789312, 0.9915491, 0.12406197, -0.037932962]
1430674411658, 2770091204898, [0.12906879, -0.97116846, 0.20043218, -0.011789203, -0.20361125, -0.9789808, 0.9915656, 0.12399289, -0.037729114]
1430674411662, 2770095782534, [0.12905985, -0.971239, 0.20009595, -0.012080938, -0.20330852, -0.97904015, 0.99156314, 0.1239374, -0.03797245]
1430674411667, 2770100726382, [0.129233, -0.9713493, 0.19944757, -0.012723863, -0.20274204, -0.9791496, 0.9915326, 0.1240007, -0.03856024]
1430674411673, 2770105700747, [0.12955189, -0.97140026, 0.19899198, -0.013742894, -0.20242298, -0.9792018, 0.9914774, 0.12412274, -0.039574146]
1430674411677, 2770110644595, [0.12976801, -0.971579, 0.197976, -0.014837325, -0.2015447, -0.97936696, 0.9914334, 0.12415308, -0.040569723]
1430674411683, 2770115588443, [0.12986809, -0.97178626, 0.19689032, -0.015951991, -0.20059401, -0.97954464, 0.991403, 0.12407079, -0.041552693]
1430674411688, 2770120929019, [0.12996727, -0.972045, 0.19554323, -0.01695484, -0.19936597, -0.97977847, 0.99137336, 0.124023736, -0.042391986]
1430674411695, 2770125476138, [0.13000661, -0.972179, 0.19484937, -0.01750189, -0.19873667, -0.97989666, 0.99135864, 0.12398282, -0.042852014]
1430674411698, 2770130450503, [0.13001001, -0.9724275, 0.19360328, -0.017634451, -0.19749743, -0.98014486, 0.9913559, 0.124014646, -0.042824894]
1430674411702, 2770135394351, [0.13005376, -0.97265613, 0.1924215, -0.017371446, -0.19627523, -0.98039496, 0.99135476, 0.12416145, -0.04242277]
1430674411707, 2770140338198, [0.13009548, -0.9728431, 0.19144556, -0.016719759, -0.19521153, -0.9806186, 0.9913604, 0.12437311, -0.04166183]
1430674411712, 2770145312564, [0.13000137, -0.97282684, 0.19159177, -0.015516728, -0.19520396, -0.9806398, 0.9913924, 0.12451157, -0.040471822]
1430674411717, 2770150622622, [0.12977815, -0.97286093, 0.19157049, -0.014037967, -0.19498777, -0.9807052, 0.99144363, 0.12458485, -0.038962126]
1430674411722, 2770155230777, [0.12949741, -0.9728072, 0.19203255, -0.012526631, -0.19525266, -0.98067296, 0.9915006, 0.124589086, -0.03747067]
1430674411727, 2770160174624, [0.12930322, -0.9726825, 0.19279394, -0.011381835, -0.19586915, -0.980564, 0.9915397, 0.12459567, -0.036397398]
1430674411732, 2770165118472, [0.12920493, -0.9724434, 0.19406173, -0.010835886, -0.19707507, -0.98032856, 0.9915587, 0.124560475, -0.0360004]
1430674411736, 2770170062319, [0.12917417, -0.9722551, 0.1950233, -0.010879487, -0.19804877, -0.98013186, 0.99156225, 0.124486, -0.03616047]
1430674411742, 2770175006167, [0.1291585, -0.9720666, 0.19597122, -0.011308908, -0.19905758, -0.97992253, 0.9915595, 0.12434909, -0.03670299]
1430674411747, 2770180346743, [0.12917829, -0.9718778, 0.19689229, -0.012001067, -0.2000736, -0.97970736, 0.9915488, 0.124193996, -0.037508726]
1430674411751, 2770184924380, [0.12937069, -0.97167563, 0.19776174, -0.012693942, -0.20104438, -0.97949994, 0.99151504, 0.12420824, -0.038343728]
1430674411756, 2770189868228, [0.1295805, -0.9715359, 0.19831005, -0.013708949, -0.20173246, -0.9793447, 0.99147415, 0.12418532, -0.039459318]
1430674411761, 2770194812075, [0.12981296, -0.9714077, 0.19878563, -0.015040576, -0.20238817, -0.97918993, 0.99142444, 0.124121726, -0.040883183]
1430674411766, 2770199786441, [0.12997234, -0.9712953, 0.19922999, -0.016755223, -0.20305729, -0.97902346, 0.99137604, 0.123907804, -0.042666078]
1430674411771, 2770204730288, [0.12997669, -0.97114384, 0.1999641, -0.018487155, -0.20401347, -0.97879344, 0.99134463, 0.12352353, -0.04447061]
1430674411776, 2770210040347, [0.12977278, -0.9710733, 0.20043835, -0.020282269, -0.20470518, -0.97861344, 0.9913362, 0.12293202, -0.046260655]
1430674411781, 2770214617984, [0.12943304, -0.971022, 0.20090619, -0.021467, -0.205307, -0.9784622, 0.9913558, 0.12233248, -0.047418445]
1430674411786, 2770219592349, [0.12878114, -0.9709242, 0.20179594, -0.021805406, -0.2062136, -0.978264, 0.99143326, 0.12158167, -0.047727764]
1430674411791, 2770224536196, [0.12819237, -0.9707488, 0.20301113, -0.022197276, -0.20745724, -0.97799224, 0.99150085, 0.12086481, -0.048142433]
1430674411797, 2770229480044, [0.12761825, -0.9706066, 0.20404994, -0.022990048, -0.20857167, -0.97773683, 0.9915569, 0.120085955, -0.048931807]
1430674411801, 2770234423892, [0.1269815, -0.9704622, 0.20513138, -0.024102509, -0.20976323, -0.97745514, 0.9916122, 0.11917451, -0.050026625]
1430674411806, 2770239825503, [0.12624955, -0.97031736, 0.20626485, -0.025788069, -0.21106857, -0.977131, 0.9916632, 0.118043184, -0.051669896]
1430674411811, 2770244342105, [0.12577343, -0.9700723, 0.20770341, -0.027459025, -0.21268988, -0.9767338, 0.9916789, 0.11714384, -0.053388]
1430674411816, 2770249285952, [0.12532407, -0.9700062, 0.20828286, -0.02943623, -0.21348113, -0.9765036, 0.9916791, 0.11624837, -0.055307597]
1430674411820, 2770254229800, [0.12493056, -0.9699687, 0.20869377, -0.031188339, -0.214077, -0.97631884, 0.99167526, 0.11546329, -0.056996495]
1430674411825, 2770259204165, [0.12465423, -0.9699652, 0.20887503, -0.032492995, -0.21439493, -0.9762065, 0.991668, 0.114901364, -0.05824235]
1430674411831, 2770264148013, [0.124458134, -0.9698974, 0.20930657, -0.03308484, -0.21488601, -0.9760786, 0.9916731, 0.114556074, -0.05883324]
1430674411836, 2770269458071, [0.12423378, -0.9699172, 0.20934838, -0.03293109, -0.21489692, -0.97608143, 0.99170643, 0.11436826, -0.058637887]
1430674411840, 2770274035708, [0.12415987, -0.96993375, 0.20931491, -0.03245327, -0.21480376, -0.97611785, 0.9917313, 0.1144017, -0.05814752]
1430674411845, 2770279010073, [0.12426448, -0.96994877, 0.20918372, -0.031947523, -0.21461952, -0.9761752, 0.99173474, 0.11462107, -0.057657093]
1430674411851, 2770283953921, [0.124439955, -0.969893, 0.20933789, -0.03158, -0.21474236, -0.97616, 0.99172443, 0.11486238, -0.05735174]
1430674411855, 2770288897769, [0.124648035, -0.9698788, 0.20927966, -0.03142777, -0.21467829, -0.97617906, 0.99170315, 0.115101635, -0.057240397]
1430674411860, 2770293872134, [0.12493652, -0.96986306, 0.20918041, -0.031719774, -0.21462905, -0.97618043, 0.99165756, 0.11532545, -0.057578832]
1430674411866, 2770299182193, [0.12528998, -0.96985215, 0.2090199, -0.032254636, -0.21455055, -0.9761802, 0.99159575, 0.11556375, -0.058163285]
1430674411871, 2770303759829, [0.12568116, -0.969774, 0.20914742, -0.03279069, -0.21476471, -0.9761152, 0.99152863, 0.11582124, -0.05879149]
1430674411875, 2770308703677, [0.12612027, -0.96978295, 0.20884138, -0.033334345, -0.2145465, -0.9761448, 0.9914548, 0.11615011, -0.059385777]
1430674411880, 2770313678042, [0.12648326, -0.9697837, 0.20861796, -0.033881366, -0.21440774, -0.9761565, 0.99139, 0.1163992, -0.059976578]
1430674411885, 2770318621890, [0.12669635, -0.96977746, 0.20851755, -0.0344536, -0.21438688, -0.976141, 0.991343, 0.11648929, -0.060574353]
1430674411890, 2770323565737, [0.12670368, -0.96963584, 0.20917097, -0.034786105, -0.2150842, -0.9759758, 0.9913305, 0.11638349, -0.06098181]
1430674411896, 2770328906314, [0.12660474, -0.9696217, 0.20929658, -0.03513056, -0.21524495, -0.97592807, 0.991331, 0.1162045, -0.061314434]
1430674411900, 2770333453433, [0.12653089, -0.9696113, 0.20938915, -0.035517067, -0.2153787, -0.97588456, 0.99132663, 0.116042644, -0.061689794]
1430674411905, 2770338427798, [0.12643266, -0.9695943, 0.20952722, -0.035895526, -0.21555573, -0.97583157, 0.9913255, 0.11585587, -0.062057346]
1430674411911, 2770343371646, [0.12626243, -0.9694499, 0.2102969, -0.036267042, -0.2163629, -0.9756391, 0.9913337, 0.11555967, -0.06247756]
1430674411915, 2770348315493, [0.12607026, -0.96945035, 0.21041006, -0.036786586, -0.21652514, -0.97558373, 0.991339, 0.11525184, -0.06296021]
1430674411920, 2770353259341, [0.12594807, -0.9694949, 0.21027812, -0.037504256, -0.21646786, -0.9755691, 0.99132764, 0.11498475, -0.063623905]
1430674411925, 2770358599917, [0.1259256, -0.9696084, 0.20976698, -0.038449764, -0.21606165, -0.9756223, 0.99129426, 0.11479029, -0.06448889]
1430674411930, 2770363177554, [0.125979, -0.9695499, 0.21000552, -0.03938794, -0.21641374, -0.9755069, 0.99125063, 0.11462176, -0.06545213]
1430674411935, 2770368121402, [0.12595612, -0.96976423, 0.20902702, -0.040527463, -0.2155593, -0.97564936, 0.9912076, 0.11441767, -0.06645307]
1430674411940, 2770373095767, [0.12583476, -0.97000396, 0.20798513, -0.041364282, -0.21459943, -0.9758258, 0.9911884, 0.114189595, -0.067127585]
1430674411945, 2770378039614, [0.12571913, -0.97026557, 0.20683199, -0.041961133, -0.2135002, -0.9760415, 0.9911781, 0.114028156, -0.0675545]
1430674411950, 2770382983462, [0.125592, -0.97044945, 0.20604494, -0.042298913, -0.21273857, -0.97619313, 0.9911798, 0.113886535, -0.06776717]
1430674411955, 2770388324038, [0.12536943, -0.9707496, 0.20476231, -0.04243231, -0.21144843, -0.9764676, 0.99120224, 0.11373064, -0.0677003]
1430674411959, 2770392901675, [0.12507457, -0.9710059, 0.20372474, -0.042384833, -0.21037912, -0.97670066, 0.9912416, 0.11352554, -0.06746906]
1430674411964, 2770397876040, [0.1246717, -0.9712845, 0.20264089, -0.04227504, -0.2092489, -0.97694814, 0.991297, 0.11323115, -0.067148566]
1430674411970, 2770402789370, [0.12415159, -0.9714569, 0.20213354, -0.042153865, -0.20868939, -0.9770731, 0.99136746, 0.112784475, -0.06685981]
1430674411974, 2770407763736, [0.12357092, -0.971707, 0.20128489, -0.042078584, -0.20778799, -0.97726834, 0.99144316, 0.11229214, -0.06656459]
1430674411979, 2770412707583, [0.12297863, -0.97193104, 0.20056489, -0.042006195, -0.20701575, -0.97743535, 0.9915199, 0.11177862, -0.06628558]
1430674411985, 2770418017642, [0.12236506, -0.97214293, 0.19991222, -0.041929513, -0.20630968, -0.97758794, 0.9915991, 0.11124039, -0.0660066]
1430674411989, 2770422595278, [0.12182915, -0.9722159, 0.19988483, -0.041774303, -0.20622897, -0.97761166, 0.9916716, 0.11075154, -0.06573835]
1430674411994, 2770427569644, [0.12130952, -0.97236466, 0.19947684, -0.04175988, -0.20578247, -0.9777064, 0.99173594, 0.11027497, -0.06556922]
1430674411999, 2770432513491, [0.120821595, -0.97249264, 0.19914895, -0.041727006, -0.20541686, -0.9777847, 0.9917969, 0.1098277, -0.06539804]
1430674412004, 2770437457339, [0.12044591, -0.9726095, 0.19880521, -0.041617155, -0.20503414, -0.97786963, 0.99184716, 0.10950664, -0.06517273]
1430674412009, 2770442401187, [0.120196104, -0.9726454, 0.19878086, -0.04156387, -0.20498729, -0.9778817, 0.9918797, 0.10927552, -0.06506559]
1430674412014, 2770447741763, [0.11999327, -0.9727471, 0.19840541, -0.041608214, -0.20460135, -0.97796065, 0.9919025, 0.10909337, -0.06502509]
1430674412019, 2770452319400, [0.119938016, -0.97283053, 0.19802919, -0.0416404, -0.20422304, -0.9780383, 0.9919077, 0.10905787, -0.06500319]
1430674412024, 2770457263247, [0.12003648, -0.9729234, 0.19751298, -0.041864425, -0.20373523, -0.9781306, 0.9918864, 0.10914257, -0.06518653]
1430674412029, 2770462207095, [0.12030965, -0.97291225, 0.19740134, -0.0420689, -0.20366359, -0.97813666, 0.9918446, 0.10937485, -0.06543201]
1430674412034, 2770467211978, [0.1206401, -0.9730158, 0.19668841, -0.0423975, -0.20300514, -0.97825944, 0.99179053, 0.1096783, -0.06574404]
1430674412040, 2770472125308, [0.121044695, -0.97311866, 0.19592905, -0.04273793, -0.20230639, -0.9783893, 0.99172664, 0.11005527, -0.06607729]
1430674412044, 2770477465884, [0.12148249, -0.9732252, 0.19512776, -0.04319495, -0.201581, -0.97851896, 0.9916533, 0.11044443, -0.06652701]
1430674412049, 2770482013003, [0.12192458, -0.9731269, 0.19534186, -0.0435538, -0.20186621, -0.9784442, 0.99158335, 0.110788554, -0.06699583]
1430674412053, 2770486987368, [0.1224103, -0.9732393, 0.19447598, -0.0441252, -0.2010926, -0.97857785, 0.9914981, 0.11120665, -0.06756011]
1430674412058, 2770491931216, [0.12289953, -0.97335875, 0.19356799, -0.04475823, -0.20028454, -0.97871494, 0.9914093, 0.11161986, -0.06818074]
1430674412064, 2770496875064, [0.12341887, -0.97348464, 0.19260183, -0.045349985, -0.19941574, -0.978865, 0.99131787, 0.112075835, -0.06875911]
1430674412069, 2770501849429, [0.12395376, -0.97337484, 0.19281313, -0.045614034, -0.19969559, -0.97879565, 0.99123895, 0.11253044, -0.069152534]
1430674412073, 2770507159487, [0.12442833, -0.97348374, 0.19195563, -0.046013176, -0.19891208, -0.97893655, 0.99116117, 0.11297497, -0.06954336]
1430674412078, 2770511737124, [0.1248737, -0.97356606, 0.19124767, -0.046373606, -0.19827294, -0.9790492, 0.9910883, 0.11338866, -0.06990689]
1430674412083, 2770516680972, [0.1253199, -0.97364056, 0.19057554, -0.046661735, -0.1976617, -0.9791591, 0.9910185, 0.113815576, -0.07020271]
1430674412088, 2770521624819, [0.12573153, -0.9735627, 0.19070226, -0.04687038, -0.19784248, -0.9791126, 0.9909565, 0.114167005, -0.070506275]
1430674412093, 2770526599185, [0.12609482, -0.97363913, 0.19007066, -0.047127813, -0.197263, -0.9792171, 0.99089813, 0.114516556, -0.0707593]
1430674412098, 2770531543032, [0.12644243, -0.9737233, 0.1894078, -0.04732743, -0.19664443, -0.9793319, 0.99084425, 0.114864886, -0.070948005]
1430674412103, 2770536883609, [0.12687436, -0.9738264, 0.18858689, -0.04763189, -0.19588539, -0.9794693, 0.99077445, 0.1152868, -0.07123804]
1430674412108, 2770541491763, [0.12728372, -0.9738534, 0.18817118, -0.047883093, -0.19552615, -0.9795288, 0.9907099, 0.11566782, -0.07151836]
1430674412113, 2770546405093, [0.12776351, -0.97397697, 0.187204, -0.0482831, -0.1946351, -0.9796866, 0.9906287, 0.11612937, -0.0718939]
1430674412118, 2770551348941, [0.1281718, -0.9741251, 0.18615133, -0.04888159, -0.19367635, -0.97984695, 0.99054664, 0.11648938, -0.072440624]
1430674412123, 2770556292788, [0.12848958, -0.9743054, 0.18498495, -0.04949689, -0.19259915, -0.9800284, 0.99047494, 0.11676729, -0.07297212]
1430674412128, 2770561267153, [0.12876385, -0.97442794, 0.18414706, -0.050052553, -0.19184226, -0.9801486, 0.99041134, 0.116990745, -0.07347497]
1430674412133, 2770566577212, [0.1289556, -0.97466934, 0.18272948, -0.050541133, -0.19048852, -0.98038757, 0.9903616, 0.117191166, -0.07382551]
1430674412138, 2770571154849, [0.12913808, -0.9748825, 0.18145943, -0.050870687, -0.18926367, -0.9806077, 0.9903209, 0.11740285, -0.074034125]
1430674412142, 2770576098696, [0.12934986, -0.975108, 0.18009177, -0.051272184, -0.1879516, -0.98083913, 0.99027264, 0.11763772, -0.07430741]
1430674412148, 2770581073062, [0.12960339, -0.97525394, 0.17911631, -0.051764935, -0.1870482, -0.98098594, 0.9902138, 0.11786717, -0.074726075]
1430674412152, 2770586016909, [0.12983966, -0.9754678, 0.17777571, -0.052239805, -0.1857742, -0.9812028, 0.99015784, 0.11811203, -0.07507908]
1430674412157, 2770590960757, [0.13004133, -0.9756764, 0.17647883, -0.05262336, -0.184531, -0.98141694, 0.9901111, 0.1183379, -0.07534003]
1430674412163, 2770596301333, [0.13026643, -0.97590005, 0.1750707, -0.05306375, -0.1831845, -0.98164535, 0.990058, 0.11858556, -0.07564768]
1430674412170, 2770600848452, [0.13041735, -0.9760844, 0.17392707, -0.053315103, -0.18207586, -0.981838, 0.9900247, 0.118775815, -0.075785875]
1430674412172, 2770605822818, [0.13045603, -0.97628075, 0.17279199, -0.053516567, -0.18096125, -0.982033, 0.9900087, 0.118864864, -0.07585469]
1430674412178, 2770610766665, [0.13042957, -0.9764683, 0.1717489, -0.053582758, -0.17991799, -0.9822211, 0.9900086, 0.1189079, -0.07578847]
1430674412182, 2770615710513, [0.13042927, -0.9766508, 0.17070863, -0.05365914, -0.17888069, -0.9824064, 0.9900044, 0.11897442, -0.075737506]
1430674412187, 2770620654361, [0.13049349, -0.97680426, 0.16977882, -0.0537858, -0.17796555, -0.98256564, 0.98998916, 0.11908671, -0.07576153]
1430674412192, 2770625994937, [0.13055024, -0.97696996, 0.16877902, -0.05385998, -0.1769732, -0.9827408, 0.9899776, 0.11920661, -0.07572347]
1430674412197, 2770630572573, [0.13057324, -0.97709656, 0.16802666, -0.05397904, -0.17623249, -0.98286736, 0.98996806, 0.11926624, -0.07575393]
1430674412202, 2770635516421, [0.13050514, -0.9772167, 0.16737953, -0.054175884, -0.17560005, -0.98296976, 0.9899664, 0.119214654, -0.075858295]
1430674412207, 2770640460269, [0.13042155, -0.97726583, 0.1671575, -0.054261923, -0.17538062, -0.9830042, 0.9899726, 0.119134665, -0.07590178]
1430674412212, 2770645434634, [0.13036385, -0.9773706, 0.16658908, -0.05453512, -0.1748372, -0.9830859, 0.98996526, 0.11907387, -0.076093435]
1430674412217, 2770650378482, [0.1303832, -0.97747195, 0.1659782, -0.05481991, -0.17425859, -0.9831728, 0.98994696, 0.11909029, -0.07630533]
1430674412222, 2770655719058, [0.13050294, -0.9775778, 0.16525972, -0.055286437, -0.17360139, -0.98326296, 0.98990524, 0.11918217, -0.07670233]
1430674412227, 2770660266177, [0.13070193, -0.9775685, 0.1651572, -0.05568421, -0.17356172, -0.98324746, 0.9898567, 0.119315684, -0.077120006]
1430674412232, 2770665240542, [0.13087389, -0.9776678, 0.16443157, -0.056128383, -0.17289898, -0.983339, 0.9898089, 0.1194641, -0.077502936]
1430674412236, 2770670184390, [0.13096112, -0.977772, 0.16374123, -0.05662206, -0.17227101, -0.98342085, 0.9897692, 0.11951852, -0.07792419]
1430674412242, 2770675128237, [0.13098451, -0.9778825, 0.16306055, -0.05716917, -0.17165443, -0.983497, 0.98973465, 0.119500875, -0.07838884]
1430674412247, 2770680102603, [0.13101229, -0.97783756, 0.16330796, -0.05747211, -0.17194203, -0.9834292, 0.9897135, 0.119455695, -0.07872498]
1430674412252, 2770685412661, [0.13090879, -0.9779536, 0.16269487, -0.057791054, -0.1713556, -0.9835128, 0.9897086, 0.11934811, -0.078948945]
1430674412256, 2770689990298, [0.13075608, -0.9780462, 0.16226035, -0.05819592, -0.17095512, -0.9835586, 0.989705, 0.119163334, -0.079271704]
1430674412261, 2770694964663, [0.1306119, -0.9781501, 0.16174936, -0.05875328, -0.17049676, -0.983605, 0.98969114, 0.118967175, -0.07973847]
1430674412267, 2770699908511, [0.13047534, -0.9782194, 0.16144049, -0.059316903, -0.17024273, -0.9836152, 0.9896755, 0.11876136, -0.08023742]
1430674412271, 2770704852359, [0.13030782, -0.97834057, 0.16084021, -0.059794128, -0.16968271, -0.9836831, 0.9896689, 0.11856428, -0.08061004]
1430674412276, 2770709796206, [0.12994215, -0.97845113, 0.16046295, -0.05998373, -0.16929606, -0.9837382, 0.98970544, 0.11820391, -0.08068979]
1430674412282, 2770715136782, [0.12973645, -0.97857076, 0.15989888, -0.06005162, -0.16872022, -0.98383296, 0.98972833, 0.11803678, -0.080653906]
1430674412286, 2770719714419, [0.1299707, -0.9786563, 0.15918398, -0.059859425, -0.16799769, -0.9839683, 0.98970926, 0.11835843, -0.08041656]
1430674412291, 2770724658267, [0.13029999, -0.9787601, 0.15827382, -0.059372693, -0.16705102, -0.984159, 0.9896953, 0.11883882, -0.07987842]
1430674412296, 2770729602114, [0.13055384, -0.9788345, 0.15760285, -0.05852914, -0.16629535, -0.98433745, 0.98971206, 0.11928466, -0.07900089]
1430674412301, 2770734545962, [0.13073567, -0.9788804, 0.15716648, -0.05756089, -0.16575411, -0.98448586, 0.9897449, 0.119660765, -0.07801518]
1430674412307, 2770739520327, [0.13089472, -0.97886765, 0.15711382, -0.056898743, -0.16563356, -0.9845446, 0.9897622, 0.119932115, -0.0773769]
1430674412311, 2770744860903, [0.13104519, -0.9788686, 0.15698215, -0.05648017, -0.16546217, -0.98459756, 0.98976624, 0.12016046, -0.07696974]
1430674412317, 2770749408023, [0.1311279, -0.9788549, 0.15699884, -0.05631712, -0.1654656, -0.9846063, 0.9897646, 0.12026769, -0.0768235]
1430674412321, 2770754382388, [0.13123035, -0.97883177, 0.15705666, -0.056360096, -0.165537, -0.98459184, 0.9897485, 0.12035659, -0.07689056]
1430674412326, 2770759326236, [0.13139525, -0.9787626, 0.15735054, -0.056750447, -0.16589299, -0.98450947, 0.9897044, 0.1204302, -0.07734281]
1430674412331, 2770764270083, [0.13157988, -0.9787427, 0.15731943, -0.057469845, -0.16596383, -0.9844558, 0.9896383, 0.12049344, -0.07808572]
1430674412336, 2770769213931, [0.13175383, -0.9787328, 0.15723553, -0.05849889, -0.1660187, -0.98438597, 0.9895549, 0.12049854, -0.079128414]
1430674412341, 2770774554507, [0.1318906, -0.97874177, 0.15706477, -0.059756428, -0.16601104, -0.9843116, 0.9894614, 0.120435804, -0.08038136]
1430674412347, 2770779132144, [0.13210616, -0.97873557, 0.15692222, -0.061094284, -0.16604832, -0.98422325, 0.98935103, 0.12043491, -0.08173117]
1430674412353, 2770784075991, [0.13236803, -0.9788188, 0.15618107, -0.062770456, -0.16552913, -0.98420525, 0.9892111, 0.12047374, -0.08335167]
1430674412358, 2770789019839, [0.13266689, -0.9789438, 0.15514004, -0.06445944, -0.16471374, -0.9842329, 0.9890624, 0.12057486, -0.0849542]
1430674412361, 2770793994204, [0.1328752, -0.9791044, 0.15394384, -0.066034645, -0.16372144, -0.98429406, 0.9889305, 0.120622665, -0.08640933]
1430674412366, 2770798938052, [0.1330716, -0.9792379, 0.1529218, -0.06740093, -0.1628781, -0.9843414, 0.98881197, 0.12068084, -0.08767605]
1430674412371, 2770804248111, [0.13319626, -0.97947896, 0.15126058, -0.06883004, -0.16139397, -0.9844869, 0.9886967, 0.12071866, -0.08891466]
1430674412376, 2770808825747, [0.13332614, -0.97971225, 0.14962626, -0.070061415, -0.15991351, -0.9846416, 0.98859274, 0.12079543, -0.089960665]
1430674412380, 2770813800112, [0.13342473, -0.9799838, 0.14774829, -0.071110815, -0.15816352, -0.984849, 0.98850447, 0.1208967, -0.09079033]
1430674412385, 2770818743960, [0.13352275, -0.9801812, 0.1463435, -0.07197487, -0.15686661, -0.9849936, 0.9884287, 0.120985955, -0.091493696]
1430674412390, 2770823687808, [0.1335364, -0.9804656, 0.1444132, -0.07273382, -0.15502101, -0.98523, 0.98837125, 0.12106031, -0.092013925]
1430674412395, 2770828662173, [0.13349035, -0.98075294, 0.14249164, -0.07330024, -0.15315524, -0.98547983, 0.98833567, 0.12110743, -0.09233418]
1430674412401, 2770833972232, [0.13346356, -0.98106325, 0.14036497, -0.07373199, -0.1510688, -0.9857696, 0.9883071, 0.1212149, -0.092497885]
1430674412407, 2770838549868, [0.13342378, -0.9812319, 0.1392194, -0.07382718, -0.14992574, -0.98593706, 0.98830545, 0.121269286, -0.092445254]
1430674412410, 2770843585269, [0.13336828, -0.9815193, 0.13723287, -0.07404667, -0.1479514, -0.9862188, 0.9882965, 0.121368736, -0.09241027]
1430674412415, 2770848468081, [0.1333414, -0.9817889, 0.13531631, -0.07433209, -0.14605817, -0.9864794, 0.9882787, 0.1214802, -0.092454016]
1430674412420, 2770853411929, [0.13333377, -0.98205113, 0.13340795, -0.07483938, -0.14420238, -0.9867141, 0.98824143, 0.12157813, -0.0927231]
1430674412425, 2770858355777, [0.1333909, -0.98219943, 0.13225362, -0.075421184, -0.14311957, -0.9868274, 0.98818946, 0.12165901, -0.09316948]
1430674412430, 2770863696353, [0.13342166, -0.9824563, 0.13030061, -0.07638171, -0.14127868, -0.9870188, 0.9881115, 0.12173712, -0.09389132]
1430674412435, 2770868243472, [0.13349584, -0.9826629, 0.1286565, -0.07728097, -0.13974497, -0.98716724, 0.9880316, 0.12184003, -0.094596505]
1430674412440, 2770873217837, [0.13364118, -0.9828805, 0.12683082, -0.078437716, -0.13806778, -0.98731196, 0.9879209, 0.12199727, -0.095546484]
1430674412445, 2770878161685, [0.13372636, -0.98301613, 0.1256842, -0.07939744, -0.13704288, -0.987378, 0.9878326, 0.122059464, -0.09637523]
1430674412449, 2770883105532, [0.13363725, -0.9832263, 0.12412536, -0.080224544, -0.13557059, -0.9875144, 0.9877778, 0.12201083, -0.09699616]
1430674412454, 2770888079898, [0.13347557, -0.98343396, 0.12264496, -0.08097109, -0.13415995, -0.9876461, 0.9877388, 0.12189591, -0.09753677]
1430674412460, 2770893389956, [0.13323444, -0.9836497, 0.12116888, -0.081674635, -0.1327405, -0.98778, 0.98771346, 0.12170994, -0.098024905]
1430674412465, 2770897967593, [0.13300699, -0.9837554, 0.12055898, -0.08231777, -0.13218445, -0.9878011, 0.9876907, 0.12146029, -0.098562]
1430674412469, 2770902911441, [0.13270417, -0.98396075, 0.1192089, -0.083518475, -0.13094583, -0.9878653, 0.9876306, 0.12113777, -0.099556]
1430674412474, 2770907885806, [0.13236046, -0.98417544, 0.117810905, -0.084912926, -0.12967819, -0.9879136, 0.9875578, 0.120756984, -0.10073346]
1430674412479, 2770912829653, [0.13194263, -0.98439425, 0.116443634, -0.08607441, -0.12840468, -0.9879794, 0.9875132, 0.12033376, -0.101673186]
1430674412484, 2770917773501, [0.1314658, -0.98453784, 0.11576715, -0.08703458, -0.12779307, -0.98797464, 0.9874927, 0.11980912, -0.10248923]
1430674412489, 2770923114077, [0.13072523, -0.9847769, 0.11456573, -0.088070214, -0.12663534, -0.988032, 0.9874991, 0.11907092, -0.10328397]
1430674412494, 2770927661196, [0.13000527, -0.9849829, 0.11361024, -0.08900195, -0.12571302, -0.9880662, 0.98751056, 0.11834228, -0.104008734]
1430674412499, 2770932635562, [0.12910688, -0.9852097, 0.11266425, -0.090350986, -0.12482977, -0.9880558, 0.98750603, 0.11738542, -0.10513106]
1430674412504, 2770937579409, [0.12816253, -0.9854238, 0.11186725, -0.091894716, -0.1241118, -0.98800385, 0.98748654, 0.11634505, -0.106461704]
1430674412509, 2770942523257, [0.12722674, -0.9856471, 0.11096504, -0.09368992, -0.12331608, -0.9879349, 0.9874389, 0.11529547, -0.10803428]
1430674412514, 2770947497622, [0.1263487, -0.98586756, 0.11000547, -0.0955835, -0.1224775, -0.9878578, 0.98737013, 0.11429989, -0.109707534]
1430674412520, 2770952838198, [0.12538898, -0.9861007, 0.109009236, -0.09777367, -0.12162399, -0.987749, 0.987278, 0.113194615, -0.11166501]
1430674412524, 2770957385318, [0.124524206, -0.98626083, 0.108550996, -0.09945196, -0.12125799, -0.9876264, 0.9872198, 0.1121878, -0.11318511]
1430674412529, 2770962329165, [0.12339234, -0.9864861, 0.10779348, -0.10123274, -0.120569944, -0.98752964, 0.98718095, 0.11094132, -0.11474207]
1430674412534, 2770967303530, [0.122188, -0.98671997, 0.107022285, -0.102894664, -0.11984274, -0.9874463, 0.9871589, 0.109642, -0.11617148]
1430674412538, 2770972216861, [0.12090415, -0.9869532, 0.106327295, -0.10439938, -0.11916137, -0.98737085, 0.987159, 0.108276695, -0.11744434]
1430674412544, 2770977160708, [0.119642764, -0.9870918, 0.10646734, -0.10554716, -0.11927584, -0.987235, 0.9871906, 0.1068781, -0.11845526]
1430674412549, 2770982501284, [0.11810663, -0.9873456, 0.10582805, -0.106651515, -0.1185703, -0.98720145, 0.987257, 0.105308324, -0.11930588]
1430674412553, 2770987078921, [0.11677781, -0.98756456, 0.10525712, -0.10736406, -0.11791417, -0.9872027, 0.9873377, 0.10398251, -0.11979866]
1430674412558, 2770992022769, [0.11534327, -0.98780346, 0.10459545, -0.10785887, -0.11713046, -0.9872421, 0.9874525, 0.1025902, -0.12005365]
1430674412564, 2770996966616, [0.11394206, -0.9879627, 0.10462773, -0.10803953, -0.11701104, -0.9872365, 0.98759544, 0.10118386, -0.12007153]
1430674412568, 2771001940982, [0.11245766, -0.98821115, 0.10388404, -0.10824442, -0.11610851, -0.98732054, 0.9877431, 0.09978688, -0.120025635]
1430674412573, 2771006884829, [0.110961944, -0.98845553, 0.10316488, -0.108312696, -0.11521545, -0.9874177, 0.98790467, 0.09839168, -0.11984676]
1430674412578, 2771012225405, [0.10930833, -0.9887085, 0.102504075, -0.10820326, -0.11434457, -0.98753095, 0.98810107, 0.09685409, -0.11948031]
1430674412584, 2771016803042, [0.107982606, -0.9888449, 0.10259479, -0.10787478, -0.11424342, -0.98757863, 0.98828274, 0.0955739, -0.11900774]
1430674412588, 2771021777407, [0.10650286, -0.9890542, 0.10212213, -0.10738683, -0.113547176, -0.9877121, 0.9884965, 0.09422761, -0.11830455]
1430674412593, 2771026721255, [0.10506642, -0.98925054, 0.101707935, -0.106913805, -0.1129176, -0.9878356, 0.98870146, 0.0929144, -0.117628425]
1430674412598, 2771031665103, [0.10365775, -0.9894391, 0.10131872, -0.10639638, -0.11231384, -0.9879602, 0.9889059, 0.09162974, -0.1169149]
1430674412604, 2771036608950, [0.10226962, -0.9895614, 0.1015341, -0.10569626, -0.1123012, -0.98803675, 0.9891255, 0.09031436, -0.11607799]
1430674412609, 2771041949527, [0.10070962, -0.9897572, 0.101184875, -0.10505822, -0.111712694, -0.9881716, 0.98935354, 0.08888805, -0.115232676]
1430674412613, 2771046496646, [0.09941512, -0.98992157, 0.10085571, -0.104530424, -0.11118686, -0.98828685, 0.98954034, 0.087708205, -0.11453062]
1430674412619, 2771051471011, [0.098038346, -0.9901006, 0.10044539, -0.10386467, -0.11056015, -0.9884273, 0.98974776, 0.08647105, -0.113675594]
1430674412623, 2771056414859, [0.09678343, -0.99024713, 0.10021821, -0.10311821, -0.11012533, -0.98855406, 0.98994935, 0.085341394, -0.112770826]
1430674412628, 2771061389224, [0.0955551, -0.99042493, 0.099638075, -0.10233384, -0.10933992, -0.9887227, 0.99015, 0.08428118, -0.11180198]
1430674412633, 2771066333071, [0.094405055, -0.99059576, 0.09903383, -0.10138899, -0.10852778, -0.98890954, 0.9903575, 0.0833171, -0.11068109]
1430674412638, 2771071643130, [0.093224764, -0.9907652, 0.09845528, -0.100302726, -0.10772842, -0.98910767, 0.99057984, 0.08233398, -0.109419405]
1430674412643, 2771076220767, [0.09225008, -0.99087745, 0.098243654, -0.099322975, -0.10732922, -0.98924994, 0.9907698, 0.08150056, -0.10831803]
1430674412647, 2771081195132, [0.09121987, -0.99099636, 0.09800556, -0.09842539, -0.106906146, -0.98938537, 0.99095476, 0.08060536, -0.10729116]
1430674412653, 2771086138980, [0.09024346, -0.9910945, 0.097917736, -0.09757322, -0.10664457, -0.98949814, 0.9911285, 0.07974163, -0.10632828]
1430674412657, 2771091082827, [0.08934942, -0.9911747, 0.09792477, -0.09669921, -0.10648617, -0.9896009, 0.99129504, 0.07895103, -0.10536024]
1430674412663, 2771096026675, [0.088575065, -0.99123585, 0.098009825, -0.095734954, -0.10641289, -0.9897026, 0.9914582, 0.07828, -0.10432145]
1430674412668, 2771101367251, [0.087847024, -0.9912888, 0.09812909, -0.094798535, -0.10638222, -0.9897959, 0.99161285, 0.07764813, -0.103318065]
1430674412672, 2771105914370, [0.08727452, -0.99132353, 0.09828892, -0.093883574, -0.10641113, -0.98987997, 0.9917505, 0.07716355, -0.10235596]
1430674412677, 2771110888736, [0.08663544, -0.9913517, 0.098570526, -0.09282568, -0.10654494, -0.98996544, 0.9919061, 0.07661626, -0.10125354]
1430674412683, 2771115863101, [0.085994154, -0.9913745, 0.09890211, -0.09172797, -0.10672656, -0.9900482, 0.992064, 0.076066315, -0.10011464]
1430674412687, 2771120776431, [0.085391045, -0.99138856, 0.0992834, -0.09052065, -0.106954634, -0.9901347, 0.992227, 0.07556152, -0.09887412]
1430674412692, 2771125750796, [0.084845215, -0.9913964, 0.0996719, -0.089421034, -0.10720518, -0.99020755, 0.9923735, 0.075101644, -0.097747505]
1430674412697, 2771131091372, [0.084293604, -0.9913976, 0.100126475, -0.08839795, -0.10752809, -0.9902644, 0.9925121, 0.074622035, -0.09670147]
1430674412702, 2771135638491, [0.083803445, -0.99140394, 0.10047534, -0.087470144, -0.107759506, -0.99032164, 0.99263597, 0.07420382, -0.09574884]
1430674412707, 2771140582339, [0.08322629, -0.9913881, 0.10110903, -0.08639002, -0.10825679, -0.99036217, 0.992779, 0.07368934, -0.09465584]
1430674412712, 2771145617739, [0.082607985, -0.9913629, 0.10186088, -0.08520141, -0.108861506, -0.9903989, 0.9929334, 0.07313621, -0.093458354]
1430674412717, 2771150500552, [0.08201411, -0.99132967, 0.1026603, -0.08415532, -0.109527916, -0.99041486, 0.9930718, 0.07258859, -0.09240854]
1430674412722, 2771155505435, [0.081403255, -0.99129933, 0.1034365, -0.08312327, -0.110171735, -0.9904306, 0.993209, 0.07202628, -0.09136841]
1430674412727, 2771160784976, [0.080782056, -0.99124837, 0.10440725, -0.082215786, -0.111019254, -0.99041164, 0.9933352, 0.0714235, -0.09046462]
1430674412732, 2771165332095, [0.08033624, -0.9912058, 0.105152845, -0.081695795, -0.11168656, -0.9903797, 0.9934143, 0.07097283, -0.089949846]
1430674412737, 2771170306460, [0.07986653, -0.9911585, 0.105953425, -0.08119902, -0.11240876, -0.99033886, 0.99349284, 0.07049161, -0.08945882]
1430674412742, 2771175250308, [0.07934627, -0.9911138, 0.10675955, -0.08069539, -0.11313191, -0.9902977, 0.9935756, 0.06996146, -0.088954926]
1430674412747, 2771180194155, [0.07872787, -0.9910642, 0.107673585, -0.080246925, -0.11395857, -0.99023926, 0.9936611, 0.06931898, -0.08850154]
1430674412752, 2771185168521, [0.07804692, -0.99102163, 0.10855818, -0.07993707, -0.11476052, -0.9901718, 0.99373984, 0.068602085, -0.08817613]
1430674412757, 2771190478579, [0.077203006, -0.99098456, 0.10949582, -0.07969046, -0.11560568, -0.99009335, 0.9938255, 0.067712456, -0.08789709]
1430674412762, 2771195056216, [0.07643807, -0.99098575, 0.11002034, -0.079698205, -0.11606264, -0.9900392, 0.993884, 0.06690827, -0.087851375]
1430674412767, 2771200000064, [0.075627625, -0.9909761, 0.11066568, -0.0796752, -0.11663431, -0.9899739, 0.99394786, 0.06605208, -0.08777702]
1430674412772, 2771204974429, [0.07482356, -0.99097496, 0.11122018, -0.07975286, -0.11712235, -0.98991, 0.9940024, 0.06519845, -0.08779657]
1430674412776, 2771209918277, [0.07401937, -0.99098086, 0.11170575, -0.079773694, -0.117537856, -0.9898591, 0.994061, 0.06435761, -0.08775431]
1430674412782, 2771214862124, [0.07311389, -0.99104667, 0.11171788, -0.079771906, -0.117470115, -0.98986727, 0.99412817, 0.063461125, -0.087646425]
1430674412787, 2771220202700, [0.072113246, -0.9910655, 0.11219987, -0.0797323, -0.11786088, -0.989824, 0.9942044, 0.06243342, -0.08751926]
1430674412792, 2771224780337, [0.0712561, -0.99108773, 0.112550914, -0.07966143, -0.11813176, -0.9897974, 0.99427193, 0.061563075, -0.087369055]
1430674412796, 2771229724185, [0.070308685, -0.99111116, 0.11293903, -0.079506606, -0.11842686, -0.9897746, 0.99435174, 0.060610294, -0.087126315]
1430674412801, 2771234668032, [0.06931457, -0.99122536, 0.11255145, -0.07929519, -0.11794022, -0.9898497, 0.9944384, 0.059686184, -0.08677435]
1430674412806, 2771239611880, [0.06843814, -0.99124587, 0.11290625, -0.078837484, -0.11819115, -0.98985636, 0.99453557, 0.05884278, -0.08623621]
1430674412811, 2771244586245, [0.067512184, -0.99125665, 0.11336815, -0.07818502, -0.11853418, -0.989867, 0.99465024, 0.057964325, -0.08550385]
1430674412816, 2771249896304, [0.0664956, -0.9912603, 0.1139355, -0.07732412, -0.118964255, -0.98988307, 0.994786, 0.057012916, -0.084558934]
1430674412822, 2771254473941, [0.065561324, -0.99121463, 0.114871144, -0.07647398, -0.11977139, -0.98985183, 0.9949138, 0.056111366, -0.08365446]
1430674412826, 2771259417788, [0.064524084, -0.9912134, 0.11546749, -0.0753693, -0.120218724, -0.98988223, 0.99506587, 0.0551686, -0.08246407]
1430674412831, 2771264392153, [0.06345534, -0.99120927, 0.11609268, -0.07425329, -0.12069392, -0.9899088, 0.9952185, 0.054194808, -0.08125922]
1430674412836, 2771269336001, [0.06243381, -0.9912034, 0.11669505, -0.07338449, -0.12116578, -0.9899159, 0.9953475, 0.053240597, -0.08030379]
1430674412841, 2771274279849, [0.06149271, -0.99112403, 0.11786336, -0.07260251, -0.12221572, -0.98984456, 0.99546343, 0.052311093, -0.079473466]
1430674412846, 2771279620425, [0.060401976, -0.9911, 0.11862686, -0.071653426, -0.12284249, -0.9898361, 0.99559903, 0.051288098, -0.07843563]
1430674412851, 2771284198062, [0.05943212, -0.9910706, 0.11935994, -0.070798755, -0.12345508, -0.9898213, 0.9957185, 0.050376624, -0.0775038]
1430674412856, 2771289172427, [0.058372974, -0.99103546, 0.12017238, -0.06976554, -0.12413311, -0.98981, 0.99585414, 0.04939434, -0.07638621]
1430674412868, 2771294085757, [0.05728364, -0.9909424, 0.121456444, -0.06873649, -0.12528217, -0.98973715, 0.9959889, 0.048347324, -0.07529053]
1430674412868, 2771299060122, [0.056088537, -0.99088967, 0.12244111, -0.06763342, -0.12612322, -0.98970634, 0.99613243, 0.047230065, -0.074091315]
1430674412872, 2771304003970, [0.054879576, -0.99082804, 0.123482764, -0.06629196, -0.1270118, -0.9896834, 0.9962899, 0.04612741, -0.07265422]
1430674412876, 2771309314028, [0.053438783, -0.9907372, 0.124836564, -0.06439066, -0.12817389, -0.98965925, 0.996493, 0.044847906, -0.07064372]
1430674412881, 2771313891665, [0.052091897, -0.9906224, 0.12630826, -0.062102467, -0.12944865, -0.9896395, 0.9967094, 0.043708205, -0.06826332]
1430674412885, 2771318896548, [0.05048299, -0.9904703, 0.12814012, -0.059326857, -0.13105112, -0.9895988, 0.99696124, 0.042355716, -0.065377295]
1430674412890, 2771323840396, [0.048784733, -0.99027663, 0.13027751, -0.056403577, -0.13295609, -0.9895157, 0.9972155, 0.040925205, -0.062341392]
1430674412895, 2771328753726, [0.04701197, -0.99004126, 0.1326955, -0.053414673, -0.13514388, -0.9893851, 0.9974652, 0.039424986, -0.05923608]
1430674412900, 2771333697573, [0.045139015, -0.9897847, 0.13523528, -0.050419807, -0.13745797, -0.9892235, 0.9977075, 0.03783405, -0.05610946]
1430674412905, 2771339038150, [0.04308456, -0.9894582, 0.13826096, -0.04724118, -0.14025229, -0.9889881, 0.9979539, 0.036078513, -0.052785873]
1430674412910, 2771343585269, [0.041235626, -0.98915327, 0.14097974, -0.044586986, -0.1427809, -0.9887495, 0.99815404, 0.034485817, -0.04999098]
1430674412915, 2771348559634, [0.039176285, -0.98879933, 0.14401776, -0.041957498, -0.14562917, -0.9884492, 0.99835104, 0.032681137, -0.047192752]
1430674412922, 2771353503482, [0.037184775, -0.9884311, 0.147042, -0.039659888, -0.14848757, -0.98811877, 0.9985211, 0.030911356, -0.044722587]
1430674412925, 2771358447329, [0.03518659, -0.98802674, 0.15021709, -0.037610322, -0.15151286, -0.9877395, 0.99867284, 0.029105484, -0.042491227]
1430674412932, 2771363421694, [0.033202887, -0.987586, 0.15352967, -0.035665512, -0.15468735, -0.9873195, 0.9988121, 0.02730614, -0.04035884]
1430674412935, 2771368731753, [0.03106594, -0.98707485, 0.15722013, -0.03365493, -0.1582399, -0.986827, 0.9989506, 0.025365472, -0.038135856]
1430674412940, 2771373309390, [0.02921629, -0.9866181, 0.16040933, -0.03169447, -0.1613115, -0.9863945, 0.9990705, 0.023734719, -0.035983235]
1430674412945, 2771378253237, [0.027217627, -0.9860654, 0.16411659, -0.029528141, -0.16489887, -0.98586833, 0.9991933, 0.021986932, -0.03360486]
1430674412950, 2771383197085, [0.025254548, -0.9854734, 0.16794163, -0.027514577, -0.16861671, -0.98529756, 0.9993023, 0.02026236, -0.031373143]
