1428589782694
3.97
1428589781893, 304391643442, [0.014254242, 0.9998592, -0.008854449, 0.1041241, 0.0073228776, 0.99453735, 0.9944622, -0.015098333, -0.10400504]
1428589781897, 304396129526, [0.014544636, 0.9998616, -0.0080755055, 0.10407165, 0.0065187514, 0.99454844, 0.99446344, -0.015305787, -0.10396242]
1428589781902, 304401073374, [0.014858246, 0.9998637, -0.0072000325, 0.1039564, 0.0056171417, 0.99456596, 0.99447083, -0.015525967, -0.10385871]
1428589781906, 304406017221, [0.0151179135, 0.9998652, -0.0064126253, 0.10382268, 0.004808873, 0.9945842, 0.99448097, -0.01570186, -0.1037361]
1428589781912, 304410930551, [0.015381068, 0.99986583, -0.0056273937, 0.103402674, 0.0040073097, 0.9946315, 0.99452066, -0.015880376, -0.103327155]
1428589781917, 304415874399, [0.015569985, 0.9998666, -0.0049334764, 0.1029205, 0.0033051968, 0.9946841, 0.99456775, -0.015995026, -0.102855384]
1428589781922, 304421184458, [0.015583932, 0.99986804, -0.004588753, 0.10221079, 0.0029722452, 0.9947583, 0.9946407, -0.015971243, -0.10215098]
1428589781926, 304425731577, [0.015590817, 0.9998693, -0.004286915, 0.10162705, 0.00268057, 0.994819, 0.99470043, -0.015945733, -0.10157204]
1428589781932, 304430705942, [0.015554905, 0.99987113, -0.003964871, 0.10097411, 0.0023742914, 0.99488616, 0.9947674, -0.015875667, -0.100924134]
1428589781936, 304435619272, [0.0154438615, 0.99987304, -0.003911257, 0.1005286, 0.0023391843, 0.99493134, 0.9948143, -0.015758723, -0.10047972]
1428589781941, 304440532602, [0.015393525, 0.99987453, -0.0037399232, 0.10012323, 0.0021801293, 0.99497265, 0.994856, -0.015690625, -0.10007715]
1428589781946, 304445476450, [0.015338957, 0.9998759, -0.003576547, 0.09991869, 0.00202626, 0.99499357, 0.99487734, -0.015619546, -0.09987521]
1428589781952, 304450786508, [0.015253991, 0.99987787, -0.0033976734, 0.100034654, 0.0018549263, 0.9949822, 0.99486697, -0.015517294, -0.09999412]
1428589781956, 304455333627, [0.015108734, 0.99987996, -0.0034417212, 0.10019246, 0.0019108355, 0.9949662, 0.9948534, -0.015377462, -0.10015154]
1428589781961, 304460307993, [0.015042752, 0.9998815, -0.0032706857, 0.10060206, 0.0017410219, 0.99492526, 0.994813, -0.015295416, -0.100563884]
1428589781966, 304465221323, [0.014906228, 0.99988365, -0.003248483, 0.1010364, 0.0017259121, 0.9948813, 0.9947711, -0.015158176, -0.10099894]
1428589781971, 304470134653, [0.014684975, 0.99988604, -0.003501594, 0.10153726, 0.0019926429, 0.9948298, 0.9947233, -0.01496461, -0.10149646]
1428589781976, 304475078501, [0.014483243, 0.99988854, -0.0036021173, 0.10202548, 0.0021059215, 0.99477947, 0.99467635, -0.014775127, -0.10198361]
1428589781981, 304480388559, [0.01428777, 0.99989134, -0.0036320984, 0.10251421, 0.002148509, 0.99472916, 0.9946289, -0.01458475, -0.102472365]
1428589781987, 304484935678, [0.014108896, 0.99989367, -0.003670305, 0.10294315, 0.0021986365, 0.9946848, 0.9945872, -0.014411718, -0.10290116]
1428589781991, 304489879526, [0.013779998, 0.9998939, -0.004708588, 0.10354853, 0.0032567382, 0.994619, 0.9945289, -0.014193386, -0.10349268]
1428589781996, 304494792856, [0.013721317, 0.999896, -0.0044479966, 0.103972256, 0.0029975474, 0.99457574, 0.99448556, -0.014109403, -0.10392028]
1428589782001, 304499736704, [0.013712555, 0.9998976, -0.0040850937, 0.10436499, 0.0026319325, 0.99453557, 0.9944445, -0.014063954, -0.10431826]
1428589782006, 304504680551, [0.01372987, 0.99989897, -0.0036749244, 0.10463077, 0.0022183657, 0.9945087, 0.99441636, -0.01403898, -0.10458976]
1428589782011, 304509990610, [0.013790339, 0.99989986, -0.0031890273, 0.10471833, 0.0017274916, 0.99450046, 0.99440634, -0.014048517, -0.104684055]
1428589782015, 304514537729, [0.013897061, 0.99989986, -0.0026971102, 0.104587555, 0.0012289286, 0.994515, 0.9944186, -0.014102995, -0.10456002]
1428589782020, 304519451059, [0.014108509, 0.9998984, -0.0020317435, 0.10421175, 5.504787E-4, 0.994555, 0.99445504, -0.014243394, -0.10419333]
1428589782026, 304524394907, [0.014309257, 0.9998965, -0.0014792979, 0.10372198, -1.2844801E-5, 0.9946063, 0.9945034, -0.014385521, -0.103711426]
1428589782032, 304529338754, [0.014565229, 0.99989355, -8.176267E-4, 0.10319778, -6.8986416E-4, 0.9946606, 0.99455416, -0.014571816, -0.10319686]
1428589782035, 304534252085, [0.014838755, 0.99988985, -2.641678E-4, 0.10271597, -0.0012615323, 0.99470997, 0.99460006, -0.0147874355, -0.10272336]
1428589782041, 304539562143, [0.015095979, 0.99988604, 1.7786026E-4, 0.102157205, -0.0017193258, 0.99476683, 0.99465376, -0.014998823, -0.10217154]
1428589782045, 304544139780, [0.015346676, 0.9998821, 5.6388974E-4, 0.10171208, -0.0021221936, 0.99481165, 0.99469554, -0.015209675, -0.10173267]
1428589782050, 304549083627, [0.015592754, 0.9998779, 0.0010302663, 0.10138893, -0.002606213, 0.9948435, 0.9947247, -0.01540792, -0.101417184]
1428589782055, 304553996958, [0.01565662, 0.9998771, 8.686185E-4, 0.10118818, -0.0024487674, 0.99486434, 0.9947441, -0.015488386, -0.10121417]
1428589782066, 304558940805, [0.015678078, 0.9998769, 5.72145E-4, 0.101245105, -0.0021568239, 0.9948592, 0.994738, -0.015539557, -0.1012665]
1428589782066, 304563854135, [0.015688092, 0.99987686, 2.3001432E-4, 0.10135889, -0.0018191636, 0.99484825, 0.9947262, -0.015583903, -0.101374924]
1428589782071, 304569164194, [0.015863687, 0.9998741, 4.9960613E-4, 0.10174635, -0.0021113455, 0.9948082, 0.9946839, -0.01573053, -0.101767]
1428589782075, 304573711313, [0.015938401, 0.9998729, 3.7625432E-4, 0.10205689, -0.0020011663, 0.99477655, 0.99465084, -0.015816748, -0.102075815]
1428589782080, 304578655161, [0.016047955, 0.99987113, 3.7303567E-4, 0.10258603, -0.0020175576, 0.9947221, 0.9945947, -0.01592496, -0.102605164]
1428589782085, 304583599008, [0.016132683, 0.9998698, 3.8528442E-4, 0.10307637, -0.002046436, 0.99467134, 0.9945426, -0.016006976, -0.10309595]
1428589782090, 304588512338, [0.016260624, 0.99986744, 8.7964535E-4, 0.10356557, -0.0025593042, 0.99461937, 0.9944897, -0.016082048, -0.10359347]
1428589782096, 304593456186, [0.016496181, 0.999863, 0.0013640821, 0.10386586, -0.0030705333, 0.9945866, 0.9944545, -0.016265243, -0.10390228]
1428589782100, 304598766245, [0.016720295, 0.9998584, 0.001868397, 0.10409233, -0.0035991669, 0.9945611, 0.9944271, -0.016434878, -0.10413778]
1428589782106, 304603313364, [0.01698643, 0.99985254, 0.0024898052, 0.10410306, -0.004245162, 0.9945574, 0.9944214, -0.016634792, -0.10415977]
1428589782109, 304608257211, [0.017150283, 0.9998485, 0.002991289, 0.104000956, -0.0047593713, 0.9945658, 0.99442935, -0.016745985, -0.10406679]
1428589782114, 304613170542, [0.017332703, 0.99984384, 0.0034602284, 0.10377398, -0.0052410066, 0.99458706, 0.99444985, -0.016879797, -0.10384858]
1428589782119, 304618114389, [0.017466426, 0.99984014, 0.0038235784, 0.103484154, -0.00561136, 0.9946153, 0.99447775, -0.016976714, -0.10356563]
1428589782123, 304623058237, [0.017552078, 0.9998377, 0.004074812, 0.10313612, -0.0058642626, 0.99465, 0.99451244, -0.017037988, -0.10322231]
1428589782129, 304628337778, [0.017573148, 0.99984056, 0.0031781197, 0.10279101, -0.0049684346, 0.9946906, 0.9945478, -0.017153203, -0.10286194]
1428589782133, 304632884897, [0.01770541, 0.9998371, 0.0035088062, 0.10246223, -0.00530532, 0.9947228, 0.9945793, -0.017252505, -0.10253954]
1428589782139, 304637828745, [0.017769277, 0.99983525, 0.0037012398, 0.10224256, -0.005499482, 0.9947443, 0.9946008, -0.017297506, -0.10232347]
1428589782143, 304642772592, [0.01779747, 0.9998343, 0.0038174987, 0.10200155, -0.0056138635, 0.9947684, 0.99462503, -0.01731491, -0.10208458]
1428589782149, 304647716440, [0.017647386, 0.99984133, 0.0024125278, 0.101937145, -0.0041995645, 0.994782, 0.9946343, -0.017309397, -0.10199505]
1428589782153, 304652629770, [0.017511815, 0.9998443, 0.0021560192, 0.101890534, -0.0039297044, 0.9947879, 0.9946415, -0.017200887, -0.10194355]
1428589782158, 304657939829, [0.017435193, 0.999846, 0.0020131469, 0.10191473, -0.0037801862, 0.994786, 0.99464035, -0.017139196, -0.10196501]
1428589782163, 304662486948, [0.017349511, 0.9998478, 0.0018469989, 0.10194248, -0.0036065876, 0.99478376, 0.99463904, -0.01707074, -0.10198957]
1428589782168, 304667430795, [0.017195195, 0.9998518, 8.806884E-4, 0.10208908, -0.002631992, 0.99477184, 0.99462664, -0.017015457, -0.10211927]
1428589782173, 304672374643, [0.017136693, 0.9998528, 8.267462E-4, 0.10239315, -0.002577424, 0.9947406, 0.99459636, -0.016961902, -0.10242224]
1428589782179, 304677287973, [0.017098725, 0.9998535, 8.2847476E-4, 0.102702886, -0.0025805235, 0.9947087, 0.9945651, -0.01692313, -0.10273188]
1428589782183, 304682231821, [0.017081678, 0.9998536, 8.752048E-4, 0.10306463, -0.0026313663, 0.9946711, 0.99452794, -0.01690039, -0.10309446]
1428589782189, 304687541879, [0.017071486, 0.9998541, 5.8859587E-4, 0.10338426, -0.002350688, 0.9946387, 0.994495, -0.016919136, -0.10340929]
1428589782193, 304692150034, [0.017103553, 0.9998535, 7.2196126E-4, 0.103622705, -0.0024906993, 0.9946135, 0.99446964, -0.01693654, -0.10365003]
1428589782198, 304697032846, [0.017089963, 0.9998537, 7.4732304E-4, 0.103794515, -0.0025174618, 0.9945956, 0.99445194, -0.01692003, -0.10382235]
1428589782202, 304701946176, [0.017093122, 0.99985355, 8.074641E-4, 0.103873074, -0.0025790334, 0.9945872, 0.99444366, -0.016916722, -0.10390198]
1428589782208, 304706890024, [0.017052859, 0.99985456, 1.5765429E-4, 0.103976935, -0.0019301474, 0.9945778, 0.9944335, -0.016943991, -0.10399473]
1428589782212, 304711803354, [0.017040431, 0.9998548, 1.7899275E-4, 0.10409343, -0.0019521117, 0.9945656, 0.99442154, -0.01692918, -0.10411155]
1428589782218, 304717113413, [0.01699242, 0.99985564, 1.3038516E-4, 0.10414508, -0.0018995702, 0.9945603, 0.99441695, -0.016886413, -0.104162276]
1428589782222, 304721660532, [0.016931117, 0.9998567, 6.1541796E-5, 0.1041837, -0.0018254519, 0.9945564, 0.994414, -0.01683256, -0.10419971]
1428589782228, 304726604379, [0.01672545, 0.9998586, -0.0016979277, 0.10423383, -5.4627657E-5, 0.99455285, 0.9944122, -0.016811281, -0.10421997]
1428589782232, 304731548227, [0.016753763, 0.9998585, -0.0015219152, 0.10422984, -2.3260713E-4, 0.9945532, 0.99441206, -0.016821146, -0.10421896]
1428589782237, 304736461557, [0.016772002, 0.99985844, -0.0013599694, 0.10419017, -3.9497018E-4, 0.9945573, 0.994416, -0.016822398, -0.104182005]
1428589782243, 304741405405, [0.016787857, 0.9998584, -0.0012072921, 0.10413101, -5.4749846E-4, 0.99456346, 0.9944219, -0.016822338, -0.10412544]
1428589782248, 304746715463, [0.016805977, 0.99985796, -0.0012652874, 0.10407776, -4.9075484E-4, 0.994569, 0.99442714, -0.016846359, -0.1040712]
1428589782252, 304751262583, [0.016857922, 0.9998573, -0.0010977685, 0.10393563, -6.6035986E-4, 0.9945838, 0.99444115, -0.016880691, -0.103931904]
1428589782257, 304756206430, [0.016882211, 0.999857, -0.0010137856, 0.10382348, -7.445514E-4, 0.99459547, 0.9944525, -0.016896188, -0.10382116]
1428589782262, 304761150278, [0.016951948, 0.9998559, -8.390248E-4, 0.103823304, -9.255707E-4, 0.9945952, 0.99445117, -0.016947329, -0.10382396]
1428589782267, 304766094126, [0.016997814, 0.9998553, -7.2422624E-4, 0.103874475, -0.0010454059, 0.9945898, 0.9944451, -0.016981006, -0.10387713]
1428589782271, 304771007456, [0.017019272, 0.9998549, -6.4462423E-4, 0.104064435, -0.0011301041, 0.9945699, 0.9944249, -0.01699391, -0.10406852]
1428589782277, 304776317514, [0.016984642, 0.9998555, -6.836057E-4, 0.10434365, -0.0010924935, 0.9945407, 0.99439627, -0.016963243, -0.10434711]
1428589782281, 304780864633, [0.017019391, 0.99985504, -5.867481E-4, 0.10472727, -0.0011991262, 0.99450034, 0.9943554, -0.016987264, -0.10473251]
1428589782287, 304785808481, [0.017088145, 0.99985385, -4.9212575E-4, 0.105214834, -0.0013087094, 0.99444866, 0.99430263, -0.01704505, -0.10522175]
1428589782291, 304790721811, [0.017153114, 0.9998528, -3.889799E-4, 0.10566017, -0.0014257729, 0.9944012, 0.99425435, -0.017098159, -0.10566902]
1428589782296, 304795665659, [0.017213821, 0.9998518, -3.0767918E-4, 0.10622251, -0.0015227795, 0.99434125, 0.9941934, -0.01714912, -0.106233]
1428589782301, 304800609506, [0.017301172, 0.9998503, -1.7803907E-4, 0.10677564, -0.0016705096, 0.99428165, 0.9941326, -0.017221183, -0.106788516]
1428589782307, 304805919565, [0.017316282, 0.9998499, -4.529357E-4, 0.10728082, -0.0014075637, 0.99422777, 0.9940779, -0.017264873, -0.107289076]
1428589782311, 304810466684, [0.017402142, 0.9998485, -3.5867095E-4, 0.10766491, -0.001517266, 0.99418604, 0.9940349, -0.017339557, -0.107675016]
1428589782316, 304815410532, [0.0175381, 0.9998462, -2.0548701E-4, 0.1079829, -0.0016898215, 0.99415135, 0.99399805, -0.017457753, -0.10799593]
1428589782321, 304820323862, [0.017672867, 0.9998438, -8.973479E-5, 0.10822564, -0.0018236935, 0.99412465, 0.9939692, -0.017578721, -0.10824096]
1428589782326, 304825267710, [0.01778084, 0.9998417, -5.7801604E-4, 0.10834432, -0.0013520122, 0.9941125, 0.9939543, -0.01773873, -0.10835123]
1428589782331, 304830211557, [0.017903209, 0.99983954, -5.2818656E-4, 0.10840163, -0.0014158487, 0.9941062, 0.99394596, -0.017854959, -0.108409524]
1428589782336, 304835491098, [0.018045485, 0.99983704, -4.118085E-4, 0.10826823, -0.0015446544, 0.99412054, 0.99395794, -0.017983973, -0.10827851]
1428589782341, 304840038217, [0.018229187, 0.9998338, -1.4075637E-4, 0.108063936, -0.0018302798, 0.99414223, 0.99397683, -0.018137634, -0.108079314]
1428589782346, 304845012583, [0.01838839, 0.9998309, -1.3434887E-4, 0.10776991, -0.0018484592, 0.9941741, 0.9940058, -0.018295735, -0.1077857]
1428589782351, 304849925913, [0.018523306, 0.99982846, 2.2172928E-5, 0.10742214, -0.002012223, 0.9942115, 0.9940409, -0.018413723, -0.10744101]
1428589782356, 304854869760, [0.018661797, 0.99982584, 1.6191602E-4, 0.10699999, -0.002158165, 0.9942566, 0.9940839, -0.018537253, -0.10702163]
1428589782360, 304859783090, [0.018782675, 0.9998236, 2.5582314E-4, 0.10660291, -0.0022571087, 0.9942992, 0.9941243, -0.018648386, -0.10662657]
1428589782366, 304865093149, [0.0189524, 0.99982023, 4.9707294E-4, 0.106217235, -0.002507776, 0.9943398, 0.9941623, -0.018792301, -0.10624564]
1428589782370, 304869640268, [0.01912278, 0.9998169, 7.0258975E-4, 0.10586429, -0.0027235746, 0.99437684, 0.99419665, -0.018940866, -0.10589701]
1428589782375, 304874584116, [0.019331902, 0.9998126, 9.830892E-4, 0.105547994, -0.0030185282, 0.99440956, 0.9942262, -0.019120067, -0.10558653]
1428589782380, 304879527963, [0.019640297, 0.99980605, 0.0014767647, 0.105321646, -0.003537804, 0.994432, 0.9942443, -0.019375473, -0.10537076]
1428589782385, 304884471811, [0.01987195, 0.99980116, 0.0016952157, 0.10523975, -0.0037779212, 0.9944397, 0.99424833, -0.019583106, -0.10529393]
1428589782390, 304889385141, [0.020116001, 0.99979556, 0.002019465, 0.10524535, -0.0041261613, 0.9944377, 0.9942428, -0.019791573, -0.105306864]
1428589782395, 304894695200, [0.020334154, 0.9997906, 0.0022758245, 0.10540193, -0.0044073164, 0.99441993, 0.99422175, -0.019980818, -0.105469525]
1428589782400, 304899242319, [0.020566791, 0.9997851, 0.002601266, 0.10559064, -0.004759401, 0.99439836, 0.994197, -0.020176917, -0.10566586]
1428589782405, 304904186167, [0.02076462, 0.99978006, 0.0029361248, 0.10585126, -0.0051186383, 0.9943688, 0.9941651, -0.020336866, -0.1059342]
1428589782410, 304909130014, [0.02093184, 0.999776, 0.0031341016, 0.106169075, -0.005339861, 0.99433374, 0.99412775, -0.020480514, -0.10625708]
1428589782414, 304914073862, [0.021117419, 0.99977124, 0.0033938885, 0.10653126, -0.005625516, 0.99429345, 0.9940851, -0.020635366, -0.106625676]
1428589782420, 304918987192, [0.021249354, 0.9997679, 0.0035500526, 0.10685781, -0.005801618, 0.9942574, 0.9940472, -0.02074796, -0.10695624]
1428589782425, 304924297251, [0.021392494, 0.9997641, 0.003772974, 0.10715619, -0.006044954, 0.99422383, 0.99401206, -0.020864606, -0.10726023]
1428589782429, 304928844370, [0.021478444, 0.99976176, 0.0038840473, 0.10741395, -0.006170064, 0.9941952, 0.9939823, -0.020936579, -0.10752088]
1428589782434, 304933788217, [0.021567851, 0.9997593, 0.0040193796, 0.107616186, -0.0063185394, 0.99417245, 0.99395853, -0.021009594, -0.107726574]
1428589782439, 304938732065, [0.021632224, 0.99975747, 0.00414443, 0.10779649, -0.006453663, 0.99415207, 0.9939376, -0.021059006, -0.10790998]
1428589782445, 304943645395, [0.021416515, 0.9997685, 0.0020510554, 0.107918024, -0.0043512285, 0.9941502, 0.993929, -0.021069825, -0.10798615]
1428589782449, 304948589243, [0.021447122, 0.9997674, 0.002236545, 0.10795197, -0.004539728, 0.9941457, 0.99392474, -0.021080077, -0.10802418]
1428589782454, 304953899301, [0.021556914, 0.9997642, 0.0026368797, 0.10793364, -0.004949391, 0.9941459, 0.9939244, -0.021146178, -0.10801494]
1428589782459, 304958446420, [0.021702439, 0.9997597, 0.0030872822, 0.10783002, -0.0054107606, 0.9941546, 0.9939324, -0.021242708, -0.1079216]
1428589782464, 304963390268, [0.021756649, 0.9997586, 0.0030671656, 0.10773656, -0.005394578, 0.9941648, 0.9939414, -0.021299213, -0.1078279]
1428589782469, 304968303598, [0.021874845, 0.99975497, 0.0033933818, 0.10759491, -0.005728662, 0.9941783, 0.9939542, -0.021382421, -0.10769391]
1428589782474, 304973247446, [0.021962613, 0.9997523, 0.0036086142, 0.10756853, -0.0059515536, 0.99417984, 0.993955, -0.021446586, -0.10767257]
1428589782479, 304978191293, [0.022111803, 0.9997479, 0.0039111376, 0.10752535, -0.006267518, 0.9941826, 0.99395645, -0.021562576, -0.10763681]
1428589782484, 304983501352, [0.022260815, 0.9997442, 0.0040023625, 0.10751116, -0.0063739717, 0.9941834, 0.99395466, -0.021701068, -0.1076256]
1428589782489, 304988048471, [0.022449404, 0.99973893, 0.004245609, 0.1075193, -0.0066362917, 0.9941808, 0.9939494, -0.021862179, -0.10764009]
1428589782493, 304993053354, [0.022572845, 0.9997362, 0.0042524636, 0.10754302, -0.006657034, 0.9941782, 0.99394417, -0.0219841, -0.10766494]
1428589782498, 304997905649, [0.022742271, 0.99973214, 0.004290074, 0.10766694, -0.006715417, 0.99416435, 0.9939269, -0.022147655, -0.10779083]
1428589782504, 305002849497, [0.02291435, 0.99972904, 0.004096836, 0.107830435, -0.006545484, 0.9941477, 0.9939052, -0.02233845, -0.107951164]
1428589782508, 305007762827, [0.023099154, 0.999725, 0.0040467978, 0.10798836, -0.0065193474, 0.99413085, 0.9938838, -0.022526622, -0.108109355]
1428589782515, 305013103403, [0.023231477, 0.99972284, 0.0038236678, 0.10822272, -0.006317109, 0.99410665, 0.99385524, -0.02268076, -0.10833949]
1428589782521, 305017620004, [0.023359895, 0.9997204, 0.0036630034, 0.10841352, -0.0061755776, 0.99408674, 0.9938314, -0.022824675, -0.10852748]
1428589782524, 305022563852, [0.023501724, 0.99971735, 0.0035880506, 0.10867903, -0.006122619, 0.9940581, 0.9937991, -0.022972167, -0.108792186]
1428589782528, 305027477182, [0.023604363, 0.9997158, 0.0033415258, 0.109021574, -0.005896598, 0.9940219, 0.99375904, -0.023098946, -0.10912979]
1428589782533, 305032421030, [0.023688555, 0.9997146, 0.0030883849, 0.10924062, -0.0056592226, 0.99399924, 0.99373305, -0.023209065, -0.10934353]
1428589782538, 305037364877, [0.02373916, 0.9997143, 0.0028095245, 0.109490216, -0.005393386, 0.9939733, 0.9937044, -0.023288548, -0.10958701]
1428589782544, 305042674936, [0.02383995, 0.9997111, 0.0030553937, 0.10968, -0.005653262, 0.99395084, 0.993681, -0.02336058, -0.10978305]
1428589782548, 305047222055, [0.023891598, 0.99971044, 0.0028699636, 0.109845966, -0.0054785907, 0.99393356, 0.99366146, -0.02343142, -0.10994506]
1428589782553, 305052165903, [0.023956686, 0.99970937, 0.002711773, 0.10995114, -0.00533095, 0.9939227, 0.9936483, -0.02351296, -0.11004692]
1428589782558, 305057079233, [0.023997188, 0.9997088, 0.0025426447, 0.11004639, -0.0051694512, 0.993913, 0.9936367, -0.023571312, -0.11013836]
1428589782563, 305062023081, [0.02398464, 0.9997102, 0.0020761192, 0.11011788, -0.004706055, 0.99390745, 0.9936291, -0.023609906, -0.110198855]
1428589782567, 305066966928, [0.023991466, 0.9997103, 0.0018950403, 0.110155076, -0.0045276284, 0.9939041, 0.9936248, -0.02363646, -0.11023182]
1428589782573, 305072276987, [0.02404055, 0.99970937, 0.0018016398, 0.11011329, -0.0044391453, 0.9939091, 0.99362826, -0.023695737, -0.11018801]
1428589782577, 305076793588, [0.024072617, 0.9997088, 0.0017123818, 0.110021204, -0.004351765, 0.99391973, 0.99363774, -0.023737878, -0.11009395]
1428589782583, 305081737436, [0.024117976, 0.99970776, 0.0016466379, 0.10995799, -0.0042898357, 0.993927, 0.9936436, -0.023790479, -0.11002934]
1428589782587, 305086681284, [0.024119437, 0.99970794, 0.0015088022, 0.10993922, -0.0041525364, 0.9939296, 0.99364567, -0.023807138, -0.11000723]
1428589782592, 305091625131, [0.024113953, 0.9997083, 0.0013605356, 0.10980669, -0.0040013194, 0.9939449, 0.9936604, -0.023818582, -0.10987115]
1428589782597, 305096538461, [0.024125606, 0.9997082, 0.0012432635, 0.109678745, -0.0038829744, 0.9939595, 0.9936743, -0.023843467, -0.10974038]
1428589782603, 305101848520, [0.024160713, 0.9997077, 8.893311E-4, 0.10951984, -0.0035310686, 0.9939783, 0.99369097, -0.023917854, -0.109573185]
1428589782607, 305106395639, [0.024195641, 0.99970686, 8.544624E-4, 0.10943791, -0.003498286, 0.99398756, 0.9936991, -0.023956686, -0.109490454]
1428589782612, 305111339487, [0.024190009, 0.9997071, 7.4750185E-4, 0.10926321, -0.0033870935, 0.9940071, 0.99371845, -0.023963362, -0.10931319]
1428589782617, 305116283335, [0.024109334, 0.9997092, 5.08368E-4, 0.1091581, -0.0031379163, 0.99401945, 0.993732, -0.023909628, -0.10920197]
1428589782622, 305121227182, [0.023894161, 0.9997144, -4.3201447E-4, 0.109031886, -0.0021764338, 0.9940359, 0.99375105, -0.023798764, -0.10905278]
1428589782627, 305126171030, [0.023784429, 0.999717, -6.0376525E-4, 0.10895839, -0.0019919574, 0.9940443, 0.9937618, -0.023708552, -0.10897493]
1428589782632, 305131481088, [0.023658514, 0.99971986, -7.2559714E-4, 0.108820826, -0.001853764, 0.9940597, 0.9937798, -0.023596913, -0.10883421]
1428589782636, 305136028208, [0.02358237, 0.99972165, -7.019043E-4, 0.108741015, -0.0018671453, 0.9940684, 0.9937904, -0.0235188, -0.108754754]
1428589782642, 305140972055, [0.023424625, 0.999725, -0.0011266172, 0.108591884, -0.0014241934, 0.99408543, 0.9938104, -0.023408443, -0.10859537]
1428589782646, 305145915903, [0.02333808, 0.9997271, -0.001021266, 0.10855502, -0.0015186667, 0.99408925, 0.99381644, -0.02331099, -0.10856086]
1428589782651, 305150829233, [0.023229837, 0.99972975, -9.2825294E-4, 0.10846236, -0.0015972257, 0.99409926, 0.99382913, -0.023193479, -0.10847014]
1428589782657, 305155773081, [0.023134619, 0.99973214, -7.649362E-4, 0.108323485, -0.0017460883, 0.99411416, 0.99384654, -0.023081303, -0.10833484]
1428589782662, 305161083139, [0.023103744, 0.999733, -3.5873055E-4, 0.10815725, -0.0021427572, 0.9941315, 0.99386525, -0.023006976, -0.1081779]
1428589782666, 305165630258, [0.023013204, 0.99973524, -1.7556548E-4, 0.10800913, -0.0023117363, 0.9941473, 0.9938835, -0.022897512, -0.10803378]
1428589782671, 305170574106, [0.022936821, 0.9997369, 9.1314316E-5, 0.10776922, -0.0025633574, 0.9941726, 0.9939113, -0.022793263, -0.10779965]
1428589782676, 305175487436, [0.02288282, 0.9997381, 4.3907762E-4, 0.107533485, -0.0028979182, 0.99419725, 0.9939381, -0.022702813, -0.10757154]
1428589782681, 305180431284, [0.023025215, 0.9997304, 0.0029894114, 0.10726386, -0.005443394, 0.9942157, 0.99396396, -0.022571445, -0.10736036]
1428589782686, 305185375131, [0.022922039, 0.9997319, 0.0032700598, 0.10709894, -0.0057076216, 0.99423194, 0.9939841, -0.022439599, -0.10720098]
1428589782691, 305190685190, [0.022706836, 0.99973655, 0.0033491254, 0.10705125, -0.00576213, 0.9942368, 0.9939942, -0.022217423, -0.10715389]
1428589782696, 305195232309, [0.022543907, 0.9997399, 0.0034717917, 0.106963664, -0.0058647394, 0.99424565, 0.99400735, -0.02204284, -0.10706806]
1428589782701, 305200176157, [0.022394478, 0.9997418, 0.0038537383, 0.106895775, -0.006227076, 0.9942508, 0.994018, -0.021853805, -0.10700762]
1428589782706, 305205089487, [0.022236258, 0.99974465, 0.004024327, 0.10691169, -0.006380111, 0.99424803, 0.9940198, -0.02167812, -0.10702628]
1428589782711, 305210033335, [0.022072554, 0.9997475, 0.0041933656, 0.10704562, -0.006533563, 0.99423265, 0.9940091, -0.021496326, -0.10716277]
1428589782717, 305214946665, [0.021870732, 0.9997517, 0.004274279, 0.10713318, -0.0065943003, 0.99422276, 0.99400413, -0.021286458, -0.10725081]
1428589782721, 305220256723, [0.02158609, 0.99976057, 0.0035922825, 0.107271254, -0.005888492, 0.9942124, 0.9939954, -0.021075845, -0.1073727]
1428589782725, 305224803842, [0.021433175, 0.99976325, 0.0037627518, 0.10748711, -0.0060461164, 0.9941881, 0.9939754, -0.020904154, -0.10759127]
1428589782730, 305229747690, [0.021143615, 0.99976957, 0.0037127137, 0.1076853, -0.005969286, 0.99416715, 0.9939602, -0.020620525, -0.107786715]
1428589782735, 305234691538, [0.020835549, 0.9997762, 0.0036633909, 0.10786158, -0.005890578, 0.99414843, 0.9939475, -0.020318449, -0.107960105]
1428589782741, 305239635385, [0.020354033, 0.9997904, 0.0022116601, 0.108104765, -0.004400015, 0.9941298, 0.9939312, -0.019995451, -0.1081717]
1428589782746, 305244548715, [0.019988537, 0.999798, 0.0020844638, 0.10829443, -0.004237652, 0.9941098, 0.9939178, -0.019645035, -0.10835719]
1428589782751, 305249858774, [0.019563258, 0.99980676, 0.0019117594, 0.10848999, -0.0040236115, 0.99408937, 0.993905, -0.01924017, -0.10854769]
1428589782755, 305254405893, [0.019214243, 0.9998138, 0.0018231571, 0.10867348, -0.0039012134, 0.99406993, 0.99389184, -0.018902212, -0.10872823]
1428589782760, 305259349741, [0.01871854, 0.99982464, 4.966855E-4, 0.108943075, -0.0025334358, 0.9940448, 0.99387175, -0.018552989, -0.10897142]
1428589782765, 305264263071, [0.018324912, 0.999832, 3.7318468E-4, 0.10924119, -0.002373159, 0.99401236, 0.9938463, -0.01817438, -0.10926628]
1428589782769, 305269206918, [0.017935902, 0.99983907, 2.8780103E-4, 0.109590024, -0.0022520125, 0.9939743, 0.99381506, -0.017796278, -0.10961276]
1428589782774, 305274150766, [0.01756981, 0.9998456, 2.861619E-4, 0.1098924, -0.002215594, 0.993941, 0.9937882, -0.017431915, -0.10991442]
1428589782780, 305279460825, [0.01707232, 0.9998538, -8.956492E-4, 0.11011821, -9.898543E-4, 0.99391794, 0.9937718, -0.017067045, -0.110118926]
1428589782784, 305284007944, [0.016838193, 0.999858, -6.790459E-4, 0.11031973, -0.0011828542, 0.9938954, 0.99375355, -0.016810268, -0.110323966]
1428589782789, 305288921274, [0.016586453, 0.99986243, -4.518926E-4, 0.11048284, -0.0013836324, 0.9938771, 0.9937397, -0.016534865, -0.11049056]
1428589782794, 305293926157, [0.016389817, 0.9998657, -1.1250377E-4, 0.110547245, -0.0017003119, 0.9938694, 0.9937358, -0.01630184, -0.1105603]
1428589782799, 305298808969, [0.01616174, 0.9998694, -1.3944507E-4, 0.11061758, -0.0016494393, 0.9938617, 0.9937316, -0.016077995, -0.1106298]
1428589782804, 305303722299, [0.016014457, 0.99987173, 2.4342537E-4, 0.110673755, -0.0020145774, 0.99385476, 0.99372774, -0.015889078, -0.110691845]
1428589782809, 305309062876, [0.015766919, 0.99987555, 4.825294E-4, 0.11064699, -0.0022243261, 0.9938572, 0.9937346, -0.015616596, -0.11066824]
1428589782814, 305313579477, [0.015516728, 0.9998794, 6.2796474E-4, 0.11068994, -0.002341956, 0.99385226, 0.9937339, -0.0153518915, -0.110712945]
1428589782819, 305318523325, [0.015175283, 0.9998847, 5.3584576E-4, 0.11068836, -0.002212584, 0.99385273, 0.9937393, -0.015022665, -0.11070919]
1428589782824, 305323467172, [0.014855385, 0.9998894, 6.8706274E-4, 0.11069286, -0.0023274422, 0.9938519, 0.9937436, -0.014688015, -0.11071515]
1428589782829, 305328411020, [0.014440149, 0.9998956, 7.1516633E-4, 0.110666424, -0.0023091137, 0.993855, 0.9937527, -0.014272332, -0.11068821]
1428589782834, 305333324350, [0.013896674, 0.99990326, 5.7941675E-4, 0.110704124, -0.0021145046, 0.9938512, 0.9937563, -0.013747126, -0.11072284]
1428589782839, 305338634409, [0.013201147, 0.99991286, 1.924038E-4, 0.110817194, -0.0016542971, 0.99383944, 0.99375314, -0.013098538, -0.11082941]
1428589782843, 305343181528, [0.012488097, 0.99992204, -9.316206E-5, 0.11091852, -0.0012927353, 0.99382865, 0.99375105, -0.01242137, -0.11092603]
1428589782848, 305348125376, [0.011529475, 0.99993336, -6.1389804E-4, 0.11118594, -6.7183375E-4, 0.99379945, 0.9937327, -0.011526257, -0.111186266]
1428589782853, 305353069223, [0.010477841, 0.99994445, -0.0011178553, 0.11144659, -5.6803226E-5, 0.9937705, 0.99371517, -0.010537177, -0.111441016]
1428589782859, 305358013071, [0.009338677, 0.9999547, -0.001819253, 0.111744404, 7.6436996E-4, 0.99373674, 0.9936931, -0.009483486, -0.111732185]
1428589782863, 305362926401, [0.008186102, 0.99996424, -0.0021185577, 0.112006664, 0.0011883974, 0.9937067, 0.9936737, -0.00837183, -0.111992955]
1428589782868, 305368236460, [0.006978661, 0.99997336, -0.0021678805, 0.1123988, 0.0013697445, 0.99366224, 0.9936387, -0.007178068, -0.11238623]
1428589782873, 305372783579, [0.005984515, 0.9999801, -0.0020127594, 0.11280939, 0.001324743, 0.9936158, 0.9935987, -0.006173432, -0.11279929]
1428589782878, 305377727426, [0.0049143136, 0.9999862, -0.0018974245, 0.11328724, 0.0013284385, 0.9935614, 0.9935502, -0.0050976574, -0.113279164]
1428589782883, 305382671274, [0.0039555132, 0.9999913, -0.0013161004, 0.11375725, 8.5762143E-4, 0.99350816, 0.9935007, -0.0040795207, -0.11375284]
1428589782888, 305387584604, [0.0030362308, 0.99999523, -6.342232E-4, 0.11424175, 2.8321147E-4, 0.9934529, 0.9934484, -0.003088802, -0.11424029]
1428589782893, 305392528452, [0.00218755, 0.99999756, 2.3108721E-4, 0.11464161, -4.8035383E-4, 0.9934068, 0.9934045, -0.0021466315, -0.11464238]
1428589782898, 305397838510, [0.001502037, 0.9999947, 0.002909094, 0.11494416, -0.0030625463, 0.9933673, 0.9933709, -0.0011577308, -0.11494821]
1428589782903, 305402385629, [8.0755353E-4, 0.9999922, 0.003861785, 0.115156114, -0.003929049, 0.99333966, 0.99334705, -3.5741925E-4, -0.11515838]
1428589782909, 305407329477, [1.4090538E-4, 0.99998736, 0.0050255954, 0.115315795, -0.0050082803, 0.9933163, 0.9933288, 4.3955445E-4, -0.11531502]
1428589782913, 305412273325, [-4.5403838E-4, 0.9999803, 0.0062682033, 0.11530942, -0.0061740577, 0.99331045, 0.9933295, 0.0011737645, -0.11530435]
1428589782918, 305417217172, [-8.343458E-4, 0.9999606, 0.008838981, 0.11519641, -0.008684039, 0.9933048, 0.9933424, 0.0018469691, -0.115184665]
1428589782923, 305422130502, [-0.0012192428, 0.99994606, 0.010312945, 0.11496204, -0.010104388, 0.99331844, 0.9933691, 0.0023967028, -0.114943504]
1428589782928, 305427440561, [-0.0016259849, 0.9999289, 0.011813283, 0.11471814, -0.011548787, 0.99333096, 0.99339676, 0.0029703379, -0.1146912]
1428589782932, 305431987680, [-0.0019869208, 0.9999137, 0.012987971, 0.114411384, -0.012675405, 0.9933526, 0.99343145, 0.0034596324, -0.114376366]
1428589782938, 305436931528, [-0.002451241, 0.9998996, 0.013954341, 0.11410406, -0.013583541, 0.9933759, 0.9934657, 0.004027307, -0.11405927]
1428589782942, 305441875376, [-0.0029780269, 0.9998863, 0.014784485, 0.113877326, -0.014349282, 0.99339116, 0.99349034, 0.00464198, -0.113821626]
1428589782947, 305446788706, [-0.003491789, 0.99987257, 0.015574843, 0.11362788, -0.015077323, 0.993409, 0.9935173, 0.005238533, -0.113560736]
1428589782952, 305451732553, [-0.004046589, 0.9998599, 0.016239643, 0.11344412, -0.015675873, 0.99342066, 0.9935361, 0.0058622956, -0.113364756]
1428589782958, 305457042612, [-0.0047185123, 0.99985707, 0.016237825, 0.113286406, -0.015598983, 0.9934399, 0.99355114, 0.006527066, -0.11319661]
1428589782962, 305461589731, [-0.0052226484, 0.99984634, 0.01673451, 0.11318448, -0.016036123, 0.99344456, 0.9935603, 0.0070824623, -0.11308336]
1428589782967, 305466533579, [-0.0057029724, 0.9998336, 0.017328173, 0.11311507, -0.016572297, 0.9934437, 0.99356556, 0.0076256096, -0.113001764]
1428589782972, 305471507944, [-0.0061482787, 0.9998206, 0.017915249, 0.11311817, -0.017105222, 0.9934343, 0.9935626, 0.0081344545, -0.112992704]
1428589782977, 305476421274, [-0.006671846, 0.9998187, 0.017835021, 0.113161534, -0.016965926, 0.9934318, 0.99355423, 0.00864628, -0.11302781]
1428589782982, 305481334604, [-0.007067889, 0.9998063, 0.01836881, 0.113223046, -0.017451018, 0.9934163, 0.99354446, 0.009101123, -0.11307776]
1428589782987, 305486644663, [-0.0075024664, 0.99979377, 0.018873155, 0.11330882, -0.017902166, 0.99339855, 0.9935315, 0.00959143, -0.11315119]
1428589782992, 305491191782, [-0.00785616, 0.9997831, 0.019287795, 0.11337632, -0.018273443, 0.99338406, 0.993521, 0.00999099, -0.113208115]
1428589782997, 305496135629, [-0.008318663, 0.99978596, 0.018945605, 0.1133886, -0.017880976, 0.99338984, 0.99351597, 0.010411859, -0.113215625]
1428589783002, 305501079477, [-0.008662164, 0.99977493, 0.019368768, 0.11348787, -0.018261492, 0.9933716, 0.99350166, 0.010802865, -0.11330414]
1428589783007, 305505992807, [-0.008969873, 0.9997636, 0.019806981, 0.113580376, -0.018660873, 0.9933535, 0.9934883, 0.011159986, -0.113386035]
1428589783011, 305510936655, [-0.009288162, 0.99975324, 0.020182192, 0.11366621, -0.018996686, 0.9933374, 0.9934756, 0.0115202665, -0.11346173]
1428589783017, 305516246713, [-0.009718776, 0.9997584, 0.019713253, 0.11375433, -0.018480837, 0.99333704, 0.9934614, 0.011896491, -0.113547266]
1428589783021, 305520793833, [-0.009998947, 0.99975, 0.019996792, 0.11368689, -0.018731505, 0.99334, 0.9934664, 0.01220572, -0.11347115]
1428589783026, 305525737680, [-0.010364592, 0.99974334, 0.020144999, 0.113673955, -0.018837452, 0.99333954, 0.99346405, 0.012585521, -0.113449514]
1428589783031, 305530681528, [-0.01072073, 0.9997359, 0.020329297, 0.113613784, -0.01898098, 0.9933437, 0.99346715, 0.012959033, -0.11338031]
1428589783037, 305535594858, [-0.011060834, 0.9997194, 0.020948827, 0.113651514, -0.019557476, 0.9933282, 0.99345917, 0.013367891, -0.11340332]
1428589783041, 305540538706, [-0.011555761, 0.99971503, 0.020885408, 0.11377102, -0.019436508, 0.99331677, 0.99343973, 0.013854742, -0.11351389]
1428589783047, 305545848764, [-0.012131393, 0.9997101, 0.020798534, 0.11393666, -0.01928258, 0.9933009, 0.9934139, 0.014419824, -0.11366969]
1428589783051, 305550395883, [-0.012640923, 0.9997046, 0.020760506, 0.114106685, -0.01918438, 0.9932833, 0.99338806, 0.014924914, -0.11383051]
1428589783056, 305555339731, [-0.0132267475, 0.9996979, 0.020712167, 0.1142939, -0.019066632, 0.99326396, 0.99335897, 0.015504956, -0.114007175]
1428589783061, 305560253061, [-0.013738602, 0.9996886, 0.020828098, 0.114604115, -0.019118398, 0.99322724, 0.9933162, 0.016032606, -0.114305735]
1428589783066, 305565196909, [-0.0141581, 0.99967635, 0.021137297, 0.11489788, -0.01937285, 0.9931884, 0.9932764, 0.01649031, -0.11458641]
1428589783071, 305570140756, [-0.014561683, 0.9996634, 0.021469802, 0.115259826, -0.019650787, 0.99314094, 0.99322855, 0.016936451, -0.11493486]
1428589783076, 305575450815, [-0.014951348, 0.99965084, 0.021787703, 0.11563513, -0.019915223, 0.9930922, 0.99317926, 0.017367512, -0.11529696]
1428589783081, 305579997934, [-0.015212297, 0.9996357, 0.022293866, 0.11595836, -0.020382226, 0.99304485, 0.99313754, 0.017691702, -0.11560601]
1428589783086, 305584911264, [-0.015476614, 0.99961907, 0.02284962, 0.116216004, -0.020899087, 0.993004, 0.9931033, 0.018023908, -0.1158483]
1428589783090, 305589855112, [-0.0157063, 0.99960124, 0.023466885, 0.11652061, -0.021480083, 0.99295604, 0.9930641, 0.018330008, -0.11613679]
1428589783096, 305594859995, [-0.01595515, 0.99958265, 0.02408439, 0.116793156, -0.02205944, 0.9929112, 0.9930281, 0.018654913, -0.11639243]
1428589783100, 305599742807, [-0.016242445, 0.9995669, 0.024535626, 0.11703169, -0.02246958, 0.99287385, 0.99299526, 0.018998206, -0.11661601]
1428589783106, 305605083383, [-0.016511917, 0.9995485, 0.025104254, 0.1172995, -0.022997856, 0.9928303, 0.99295926, 0.01933822, -0.11686683]
1428589783110, 305609599985, [-0.016622186, 0.9995283, 0.02582091, 0.117509216, -0.023692608, 0.99278915, 0.9929326, 0.019536525, -0.117059946]
1428589783116, 305614543833, [-0.016778052, 0.9995096, 0.026441872, 0.1177409, -0.024286568, 0.9927473, 0.9929026, 0.019769639, -0.117275715]
1428589783120, 305619457163, [-0.016943216, 0.99948955, 0.02708602, 0.11792016, -0.024903417, 0.99271077, 0.99287856, 0.02001363, -0.11743808]
1428589783125, 305624401010, [-0.01713568, 0.99947083, 0.027647018, 0.11804065, -0.025435448, 0.99268293, 0.9928609, 0.020273775, -0.11754233]
1428589783130, 305629314340, [-0.017318904, 0.99945223, 0.028200656, 0.118142575, -0.025961697, 0.9926572, 0.99284565, 0.020523429, -0.11762822]
1428589783136, 305634654917, [-0.017616093, 0.9994389, 0.028487265, 0.11817095, -0.026210785, 0.9926473, 0.992837, 0.020852923, -0.11764294]
1428589783140, 305639202036, [-0.017815053, 0.999423, 0.028918415, 0.118181735, -0.02661544, 0.99263525, 0.9928322, 0.021101475, -0.11763942]
1428589783145, 305644115366, [-0.018059433, 0.99940693, 0.029318899, 0.11817026, -0.026984572, 0.99262667, 0.9928291, 0.021390945, -0.11761278]
1428589783150, 305649059213, [-0.018351912, 0.99939275, 0.029619932, 0.11809155, -0.027250946, 0.99262875, 0.99283314, 0.021714509, -0.11751968]
1428589783155, 305654003061, [-0.01860571, 0.9993804, 0.029875547, 0.11806995, -0.027475417, 0.9926251, 0.992831, 0.021995932, -0.11748558]
1428589783159, 305658916391, [-0.018874317, 0.9993646, 0.03023389, 0.11801997, -0.027800947, 0.99262196, 0.9928318, 0.022303283, -0.117420316]
1428589783165, 305664226450, [-0.019261658, 0.99935114, 0.03043428, 0.11804494, -0.027953982, 0.99261475, 0.99282146, 0.022711992, -0.11742991]
1428589783169, 305668773569, [-0.019573122, 0.99933773, 0.030674815, 0.117950976, -0.028158396, 0.9926201, 0.99282646, 0.023046881, -0.11732167]
1428589783176, 305673717417, [-0.019964665, 0.9993286, 0.030719548, 0.117875695, -0.028158635, 0.99262905, 0.99282765, 0.023438603, -0.11723435]
1428589783181, 305678661264, [-0.020288408, 0.9993128, 0.031021446, 0.11787444, -0.028420687, 0.9926217, 0.9928212, 0.023795307, -0.117216885]
1428589783189, 305683605112, [-0.020648837, 0.99929845, 0.031243712, 0.11791143, -0.02859819, 0.99261224, 0.9928094, 0.024180293, -0.117238164]
1428589783189, 305688548960, [-0.020997941, 0.99928385, 0.03147787, 0.11797184, -0.028788328, 0.9925996, 0.99279493, 0.02455607, -0.11728281]
1428589783195, 305693859018, [-0.021295905, 0.9992661, 0.03183797, 0.11810893, -0.02910763, 0.99257386, 0.9927722, 0.024898142, -0.117402375]
1428589783200, 305698375620, [-0.021543294, 0.99925125, 0.032138586, 0.11822581, -0.029374272, 0.99255216, 0.992753, 0.025182456, -0.11750448]
1428589783204, 305703319467, [-0.02174142, 0.99923205, 0.03259632, 0.11835146, -0.029802293, 0.9925244, 0.9927336, 0.025436789, -0.11761254]
1428589783209, 305708263315, [-0.021953791, 0.9992136, 0.033017635, 0.11849436, -0.030192167, 0.9924956, 0.992712, 0.025701463, -0.11773831]
1428589783214, 305713207163, [-0.022219002, 0.9991963, 0.033362716, 0.11855137, -0.03050214, 0.99247926, 0.99269927, 0.026007116, -0.1177783]
1428589783219, 305718120493, [-0.022486031, 0.9991802, 0.03366357, 0.118599206, -0.030768275, 0.9924654, 0.9926875, 0.026309133, -0.11781007]
1428589783224, 305723430551, [-0.022824705, 0.99916506, 0.033885717, 0.11870301, -0.030946314, 0.9924475, 0.99266744, 0.026674658, -0.11789763]
1428589783228, 305727977670, [-0.023100466, 0.9991511, 0.03410873, 0.11880842, -0.03113231, 0.992429, 0.99264836, 0.026978046, -0.11798835]
1428589783234, 305732921518, [-0.023358792, 0.99914587, 0.034087747, 0.118926644, -0.031077832, 0.9924165, 0.9926282, 0.027235597, -0.11809909]
1428589783238, 305737865366, [-0.02350241, 0.9991224, 0.034672648, 0.119062096, -0.031638086, 0.99238265, 0.99260867, 0.027451605, -0.11821401]
1428589783244, 305742809213, [-0.023630142, 0.9990989, 0.035256296, 0.11917737, -0.032199442, 0.9923507, 0.99259174, 0.02765119, -0.11830908]
1428589783248, 305747722543, [-0.023722649, 0.9990755, 0.035853475, 0.119324625, -0.03277749, 0.9923141, 0.99257183, 0.02781853, -0.118436754]
1428589783255, 305753032602, [-0.023851037, 0.99905515, 0.036332935, 0.119372755, -0.03323716, 0.9922931, 0.992563, 0.028004318, -0.11846727]
