1431284839190
3.97
1431284838500, 165093244525, [0.17230046, 0.15038511, 0.9734972, 0.009635784, -0.9884875, 0.15099534, 0.98499733, -0.016636163, -0.17176591]
1431284838504, 165097852680, [0.17116201, 0.15252358, 0.97336537, 0.00955496, -0.9881552, 0.15316087, 0.98519653, -0.016914867, -0.1705921]
1431284838510, 165102735492, [0.16997284, 0.15475267, 0.97322184, 0.009412631, -0.98780245, 0.15542723, 0.9854037, -0.01725784, -0.1693562]
1431284838513, 165107648822, [0.16879874, 0.15691179, 0.9730805, 0.009269297, -0.98745596, 0.15762195, 0.9856069, -0.017586604, -0.16813572]
1431284838519, 165112562152, [0.16771895, 0.15851116, 0.97300804, 0.0090553835, -0.98719496, 0.15926145, 0.98579335, -0.017900214, -0.16700672]
1431284838524, 165117506000, [0.16660857, 0.16052136, 0.9728692, 0.008936711, -0.986865, 0.16130017, 0.9859826, -0.018179744, -0.16585475]
1431284838529, 165122816059, [0.16554153, 0.16241843, 0.9727365, 0.008858688, -0.98655033, 0.16321734, 0.986163, -0.018402077, -0.16475381]
1431284838533, 165127332660, [0.16451108, 0.1643529, 0.97258633, 0.008816756, -0.9862262, 0.1651665, 0.9863358, -0.018596664, -0.16369413]
1431284838538, 165132276508, [0.16348839, 0.16605645, 0.97246945, 0.008746676, -0.98593754, 0.16688576, 0.98650646, -0.018778004, -0.16264184]
1431284838543, 165137189838, [0.16241878, 0.16804053, 0.9723078, 0.008742511, -0.98559827, 0.1688771, 0.98668313, -0.018928386, -0.16154872]
1431284838549, 165142133686, [0.16134983, 0.16999462, 0.9721461, 0.008742474, -0.9852605, 0.17083688, 0.98685855, -0.019065544, -0.16045776]
1431284838553, 165147047016, [0.16026646, 0.17195708, 0.97198015, 0.008807413, -0.9849187, 0.17279384, 0.9870345, -0.019132435, -0.15936401]
1431284838558, 165152357074, [0.15920752, 0.17356923, 0.9718676, 0.008774079, -0.9846337, 0.17441183, 0.98720616, -0.019240431, -0.158284]
1431284838562, 165156873676, [0.15808481, 0.17559592, 0.97168684, 0.008814916, -0.9842727, 0.17643623, 0.9873862, -0.019326553, -0.15714651]
1431284838567, 165161817523, [0.15682298, 0.17783032, 0.9714849, 0.0088341385, -0.9838692, 0.17867121, 0.9875872, -0.019437514, -0.1558643]
1431284838572, 165166730853, [0.1554867, 0.18015905, 0.9712706, 0.008823499, -0.9834427, 0.18100432, 0.98779863, -0.019573748, -0.15450189]
1431284838578, 165171644184, [0.15423024, 0.18192992, 0.97114086, 0.00879211, -0.98311514, 0.18277682, 0.98799586, -0.019651338, -0.15322562]
1431284838583, 165176588031, [0.15296203, 0.18407342, 0.97093755, 0.0088072345, -0.98271435, 0.18491863, 0.98819286, -0.019734249, -0.15193915]
1431284838587, 165181898090, [0.15165567, 0.1863048, 0.97071683, 0.0088384, -0.98229253, 0.18714562, 0.9883939, -0.019802123, -0.15061699]
1431284838592, 165186414691, [0.1504966, 0.18840106, 0.9704926, 0.009047806, -0.9818948, 0.18921147, 0.98856914, -0.019694865, -0.14947656]
1431284838597, 165191358539, [0.14950407, 0.18991843, 0.97035027, 0.009180158, -0.9816042, 0.19070667, 0.9887185, -0.019603468, -0.14849736]
1431284838602, 165196271869, [0.14838517, 0.19209719, 0.970093, 0.009291843, -0.9811801, 0.19287135, 0.988886, -0.019605294, -0.1473775]
1431284838607, 165201215717, [0.1471867, 0.19450647, 0.9697956, 0.009375013, -0.9807045, 0.19527155, 0.98906434, -0.019649558, -0.14617024]
1431284838612, 165206129047, [0.14601994, 0.19686916, 0.96949506, 0.009454638, -0.9802319, 0.19762543, 0.9892365, -0.019691028, -0.14499462]
1431284838617, 165211439105, [0.14484543, 0.19880603, 0.969276, 0.009488419, -0.9798407, 0.19955501, 0.9894088, -0.019707732, -0.14381182]
1431284838622, 165215955707, [0.14374101, 0.20123938, 0.9689382, 0.009617545, -0.97934365, 0.20197377, 0.98956853, -0.019713111, -0.14270723]
1431284838627, 165220899555, [0.14267635, 0.20372866, 0.9685753, 0.009860709, -0.9788309, 0.20443326, 0.9897203, -0.019616947, -0.14166494]
1431284838631, 165225812885, [0.14163691, 0.20629798, 0.96818393, 0.010144547, -0.978295, 0.20696837, 0.9898667, -0.019492567, -0.14065549]
1431284838637, 165230756732, [0.14079142, 0.20793119, 0.96795785, 0.010392599, -0.9779529, 0.20856665, 0.98998475, -0.019304797, -0.13984829]
1431284838641, 165235700580, [0.13994819, 0.21021774, 0.96758616, 0.010657065, -0.97746605, 0.21082287, 0.99010146, -0.019192636, -0.13903476]
1431284838647, 165240980121, [0.13923359, 0.21226951, 0.9672413, 0.010951959, -0.97702557, 0.21284026, 0.99019897, -0.019041315, -0.13835949]
1431284838651, 165245527240, [0.13857013, 0.21417005, 0.9669176, 0.011170775, -0.9766125, 0.21471658, 0.9902896, -0.018952094, -0.13772176]
1431284838656, 165250471088, [0.1380158, 0.21535882, 0.9667327, 0.011329852, -0.97635305, 0.21588445, 0.9903652, -0.018842518, -0.13719204]
1431284838661, 165255384418, [0.13745892, 0.21699572, 0.966446, 0.011505283, -0.97599196, 0.21750265, 0.99044067, -0.018778443, -0.13665545]
1431284838666, 165260297748, [0.13680619, 0.21877027, 0.96613854, 0.011653326, -0.9755966, 0.2192618, 0.99052936, -0.018737659, -0.13601719]
1431284838671, 165265211078, [0.1361258, 0.22051045, 0.965839, 0.011789106, -0.97520554, 0.22098733, 0.99062145, -0.018695712, -0.13535035]
1431284838678, 165270521137, [0.13542712, 0.22180387, 0.965641, 0.011840686, -0.9749126, 0.2222729, 0.9907166, -0.018667914, -0.13465591]
1431284838681, 165275068256, [0.13464141, 0.22354445, 0.9653495, 0.0118838325, -0.9745146, 0.2240093, 0.9908232, -0.018688887, -0.13386665]
1431284838686, 165279981586, [0.13389081, 0.22511202, 0.9650895, 0.011919245, -0.9741534, 0.22557262, 0.9909244, -0.018698953, -0.13311332]
1431284838690, 165284925434, [0.1329959, 0.22696856, 0.9647784, 0.0119195655, -0.9737217, 0.22742936, 0.9910449, -0.018747449, -0.13220643]
1431284838696, 165289838764, [0.13216382, 0.22839102, 0.96455705, 0.011861287, -0.9733879, 0.22885677, 0.99115694, -0.018805705, -0.13135575]
1431284838700, 165294782611, [0.13136894, 0.2299841, 0.96428704, 0.011827819, -0.97301143, 0.23045352, 0.99126303, -0.018869035, -0.1305437]
1431284838706, 165300062152, [0.13050556, 0.23169711, 0.9639941, 0.011822961, -0.9726042, 0.23216596, 0.99137706, -0.018901668, -0.1296695]
1431284838710, 165304609271, [0.12965119, 0.23343249, 0.9636907, 0.011717841, -0.9721865, 0.23391396, 0.9914904, -0.019034825, -0.1287803]
1431284838716, 165309553119, [0.12878346, 0.2333769, 0.9638205, 0.011367679, -0.97219753, 0.23388636, 0.9916076, -0.019164301, -0.12785599]
1431284838720, 165314466449, [0.12792468, 0.2351229, 0.9635105, 0.011302203, -0.9717748, 0.23563907, 0.9917195, -0.019254245, -0.12697127]
1431284838725, 165319379779, [0.12705112, 0.23693016, 0.9631833, 0.011225328, -0.97133374, 0.23745438, 0.9918326, -0.019356795, -0.12606858]
1431284838730, 165324323627, [0.12629151, 0.23849751, 0.96289635, 0.011185482, -0.970949, 0.23902498, 0.9919301, -0.019416377, -0.12529033]
1431284838736, 165329633686, [0.12547308, 0.23996478, 0.96263874, 0.011165649, -0.9705872, 0.2404908, 0.9920342, -0.019426614, -0.12446191]
1431284838740, 165334150287, [0.12473315, 0.24155813, 0.9623364, 0.011194564, -0.97019196, 0.24207899, 0.9921272, -0.019422352, -0.12371925]
1431284838745, 165339094135, [0.124063015, 0.24303883, 0.9620502, 0.011230491, -0.96982247, 0.24355406, 0.99221087, -0.01941178, -0.1230487]
1431284838750, 165343976947, [0.1234085, 0.24453136, 0.96175617, 0.011260122, -0.96944714, 0.24504198, 0.9922921, -0.019410774, -0.12239152]
1431284838755, 165348920795, [0.12280494, 0.2459518, 0.961471, 0.01130823, -0.96908796, 0.24645592, 0.9923664, -0.019393459, -0.12179]
1431284838760, 165353834125, [0.12228477, 0.24721868, 0.96121246, 0.011341229, -0.96876574, 0.24771851, 0.99243027, -0.019390874, -0.121269114]
1431284838765, 165359144184, [0.12172276, 0.24862167, 0.9609218, 0.011348061, -0.96840584, 0.24912058, 0.9924992, -0.01941903, -0.12069827]
1431284838769, 165363660785, [0.121216595, 0.24990988, 0.9606516, 0.011351459, -0.96807367, 0.25040835, 0.99256116, -0.019448832, -0.120183356]
1431284838775, 165368604633, [0.12069768, 0.25109774, 0.9604072, 0.011278935, -0.96776456, 0.25160384, 0.9926252, -0.019535616, -0.11963903]
1431284838779, 165373517963, [0.12019783, 0.25243253, 0.9601199, 0.011252493, -0.96741587, 0.2529421, 0.9926861, -0.019599326, -0.11912168]
1431284838785, 165378492328, [0.119743705, 0.25370544, 0.95984113, 0.01125025, -0.9670821, 0.25421587, 0.9927411, -0.019642293, -0.11865623]
1431284838789, 165383405658, [0.1192866, 0.2550418, 0.9595439, 0.011186324, -0.9667283, 0.25556076, 0.99279684, -0.019751213, -0.118170775]
1431284838795, 165388685199, [0.11879659, 0.25581065, 0.95939994, 0.011043213, -0.9665228, 0.25634247, 0.9928572, -0.01985775, -0.11764445]
1431284838799, 165393232318, [0.1183126, 0.25730458, 0.95906025, 0.010982551, -0.966124, 0.25784484, 0.9929157, -0.019973367, -0.11713058]
1431284838804, 165398237201, [0.11793113, 0.25862476, 0.95875204, 0.010875493, -0.9657679, 0.25917956, 0.99296224, -0.020138443, -0.11670678]
1431284838809, 165403089496, [0.11754149, 0.25992137, 0.95844924, 0.010821089, -0.9654177, 0.26048404, 0.9930091, -0.02024623, -0.1162894]
1431284838814, 165408002826, [0.1170786, 0.2598815, 0.95851666, 0.010568604, -0.96542567, 0.26046383, 0.9930664, -0.020364568, -0.115777224]
1431284838818, 165412916156, [0.11671263, 0.26096424, 0.9582671, 0.01049453, -0.96513146, 0.2615554, 0.9931103, -0.020470262, -0.11538175]
1431284838824, 165418226215, [0.11631596, 0.26206136, 0.9580159, 0.010441586, -0.9648325, 0.26265827, 0.9931574, -0.020548165, -0.1149618]
1431284838829, 165422773334, [0.11588246, 0.26316556, 0.95776564, 0.010400265, -0.9645306, 0.263766, 0.99320847, -0.020604834, -0.11450915]
1431284838835, 165427717182, [0.11538595, 0.26287878, 0.9579044, 0.010159925, -0.9646074, 0.2634945, 0.9932688, -0.020671323, -0.11397301]
1431284838838, 165432630512, [0.11479461, 0.26414025, 0.95762837, 0.010092407, -0.96426153, 0.26476002, 0.993338, -0.020728253, -0.11335788]
1431284838843, 165437543842, [0.114185214, 0.265355, 0.9573654, 0.010030851, -0.963927, 0.26597732, 0.9934088, -0.02076748, -0.11272783]
1431284838848, 165442487689, [0.11358082, 0.2665161, 0.9571147, 0.009982571, -0.9636062, 0.26713908, 0.99347854, -0.020787418, -0.11210759]
1431284838854, 165447767230, [0.11295855, 0.2678921, 0.95680416, 0.010036528, -0.96322596, 0.26850522, 0.993549, -0.020726986, -0.111493334]
1431284838858, 165452314350, [0.11232668, 0.2691168, 0.9565348, 0.010108411, -0.96288645, 0.2697168, 0.99361986, -0.020627335, -0.11087804]
1431284838863, 165457258197, [0.111725986, 0.27028316, 0.9562763, 0.010153785, -0.9625615, 0.2708733, 0.99368715, -0.020553783, -0.110287584]
1431284838868, 165462171527, [0.11105627, 0.27166903, 0.95596147, 0.010209635, -0.9621729, 0.27224815, 0.99376166, -0.020474851, -0.10962901]
1431284838874, 165467115375, [0.11044937, 0.27332437, 0.9555598, 0.010341451, -0.96170616, 0.27388713, 0.9938279, -0.020368785, -0.10904637]
1431284838878, 165472028705, [0.10992676, 0.2745913, 0.95525694, 0.010417879, -0.9613469, 0.27514303, 0.99388516, -0.020293832, -0.10853849]
1431284838885, 165477338764, [0.109336734, 0.2761101, 0.95488673, 0.01054281, -0.96091413, 0.27664578, 0.9939489, -0.02018036, -0.10797419]
1431284838887, 165481855365, [0.108752966, 0.27767134, 0.95450056, 0.010737255, -0.96046764, 0.27818385, 0.9940108, -0.02000457, -0.10743495]
1431284838893, 165486799213, [0.1082384, 0.27910078, 0.9541421, 0.010971233, -0.9600578, 0.2795866, 0.99406445, -0.019793913, -0.10697721]
1431284838898, 165491712543, [0.107723, 0.2806909, 0.9537339, 0.011229232, -0.95959854, 0.28114858, 0.9941175, -0.01957646, -0.10652278]
1431284838902, 165496656391, [0.10718989, 0.28237095, 0.953298, 0.011423558, -0.9591086, 0.28280762, 0.99417293, -0.019424051, -0.10603239]
1431284838908, 165501569721, [0.10671902, 0.28392187, 0.95289004, 0.01165396, -0.95865446, 0.28433424, 0.994221, -0.019238934, -0.10561555]
1431284838913, 165506879779, [0.10628128, 0.2852893, 0.95253044, 0.011865899, -0.9582519, 0.28567895, 0.99426526, -0.019059688, -0.10522944]
1431284838917, 165511426898, [0.10583305, 0.28675476, 0.9521402, 0.012093812, -0.95781803, 0.2871205, 0.9943104, -0.018871844, -0.10483669]
1431284838922, 165516340228, [0.10542947, 0.28816086, 0.9517605, 0.012320608, -0.95739955, 0.2885034, 0.9943505, -0.018690482, -0.10448839]
1431284838927, 165521284076, [0.1049943, 0.28959906, 0.9513719, 0.012531668, -0.95696884, 0.28991976, 0.9943938, -0.018517643, -0.1041054]
1431284838932, 165526227924, [0.104564965, 0.29148424, 0.95084333, 0.01272653, -0.9563985, 0.29178762, 0.9944366, -0.018409833, -0.103715375]
1431284838937, 165531141254, [0.104085624, 0.2929083, 0.9504583, 0.012846053, -0.9559652, 0.29319865, 0.9944854, -0.018308133, -0.10326493]
1431284838942, 165536451312, [0.103625, 0.29425108, 0.9500938, 0.012977317, -0.95555514, 0.29452708, 0.9945318, -0.018190712, -0.10283813]
1431284838947, 165540967914, [0.10315889, 0.2955017, 0.9497563, 0.013050243, -0.9551706, 0.29576877, 0.9945794, -0.018116653, -0.10239086]
1431284838952, 165545911762, [0.10264826, 0.29690158, 0.9493749, 0.013166502, -0.9547383, 0.29715532, 0.9946306, -0.018002525, -0.10191135]
1431284838957, 165550825092, [0.10212505, 0.2982432, 0.9490107, 0.01320523, -0.95432097, 0.298491, 0.99468386, -0.017951474, -0.10139832]
1431284838961, 165555768939, [0.10154998, 0.2996805, 0.94861966, 0.013269007, -0.95387244, 0.29991943, 0.994742, -0.017869592, -0.10084236]
1431284838966, 165560682269, [0.10097498, 0.30112487, 0.94822353, 0.013277397, -0.95341784, 0.30136055, 0.9948004, -0.017839924, -0.10026953]
1431284838972, 165565992328, [0.10050374, 0.30166373, 0.9481023, 0.013229817, -0.95324814, 0.3018986, 0.99484867, -0.017798707, -0.09979588]
1431284838976, 165570508930, [0.10006255, 0.30285308, 0.94776976, 0.013251066, -0.95287156, 0.3030843, 0.99489295, -0.017768428, -0.099359825]
1431284838981, 165575452777, [0.09956437, 0.3041969, 0.94739175, 0.013272151, -0.95244396, 0.30442435, 0.99494255, -0.017735898, -0.09886675]
1431284838986, 165580396625, [0.09915447, 0.30535078, 0.94706345, 0.01327832, -0.952075, 0.30557635, 0.99498343, -0.017723858, -0.098457076]
1431284838991, 165585309955, [0.09881985, 0.305535, 0.94703907, 0.013240725, -0.9520167, 0.30575928, 0.99501723, -0.017675608, -0.09812357]
1431284838996, 165590223285, [0.09837419, 0.30673742, 0.94669676, 0.013267174, -0.95163083, 0.30695745, 0.99506104, -0.017636716, -0.09768551]
1431284839001, 165595533344, [0.0979619, 0.3078305, 0.94638467, 0.013310373, -0.95127887, 0.30804467, 0.9951012, -0.017579928, -0.09728651]
1431284839006, 165600080463, [0.0975517, 0.30884355, 0.94609684, 0.013369456, -0.9509518, 0.30904987, 0.9951406, -0.017499536, -0.09689603]
1431284839012, 165604993793, [0.09711385, 0.30923086, 0.9460154, 0.013324484, -0.9508271, 0.30943584, 0.9951841, -0.017445356, -0.096458934]
1431284839016, 165609968158, [0.09678596, 0.31004792, 0.9457815, 0.013341606, -0.9505614, 0.31024957, 0.9952157, -0.017409548, -0.09613745]
1431284839021, 165614850971, [0.096443355, 0.3109097, 0.94553363, 0.013347343, -0.9502805, 0.31110913, 0.99524903, -0.017384037, -0.095798045]
1431284839026, 165619764301, [0.09608793, 0.3118111, 0.94527304, 0.013360113, -0.94998574, 0.31200758, 0.99528325, -0.01735121, -0.09544803]
1431284839031, 165625074359, [0.095754445, 0.31223038, 0.94516844, 0.013277084, -0.9498477, 0.31243104, 0.99531645, -0.017367586, -0.095097706]
1431284839035, 165629621478, [0.0953812, 0.3131898, 0.9448887, 0.013242692, -0.94953156, 0.31339192, 0.99535275, -0.017378837, -0.09471495]
1431284839040, 165634534809, [0.09504998, 0.31409806, 0.94462055, 0.013225511, -0.94923145, 0.31430048, 0.99538463, -0.017381176, -0.09437854]
1431284839045, 165639478656, [0.09472054, 0.3150457, 0.94433796, 0.013221204, -0.94891745, 0.31524736, 0.99541605, -0.017375126, -0.094047286]
1431284839050, 165644391986, [0.094412684, 0.3156187, 0.94417745, 0.013168216, -0.94872683, 0.31582272, 0.995446, -0.017384544, -0.09372799]
1431284839055, 165649335834, [0.0940969, 0.31660873, 0.94387746, 0.0131646395, -0.9483968, 0.31681228, 0.995476, -0.017385244, -0.093409166]
1431284839060, 165654615375, [0.09380716, 0.31758767, 0.9435774, 0.01312454, -0.94806874, 0.31779456, 0.9955039, -0.017427385, -0.09310382]
1431284839065, 165659162494, [0.09351921, 0.3185242, 0.94329023, 0.01310721, -0.9477542, 0.3187321, 0.9955312, -0.017443687, -0.09280819]
1431284839070, 165664106342, [0.09326959, 0.31848353, 0.9433287, 0.0129742175, -0.9477671, 0.3186992, 0.9955563, -0.017485976, -0.09252992]
1431284839075, 165669019672, [0.092972875, 0.3194919, 0.94301695, 0.012978196, -0.94742763, 0.3197067, 0.9955841, -0.01748538, -0.09223149]
1431284839080, 165673933002, [0.09265226, 0.32054618, 0.9426907, 0.012937278, -0.9470708, 0.32076403, 0.99561447, -0.017523646, -0.09189524]
1431284839084, 165678846332, [0.092378736, 0.32147568, 0.9424009, 0.012890056, -0.94675475, 0.32169732, 0.99564046, -0.017570406, -0.0916038]
1431284839090, 165684156391, [0.0921101, 0.32221663, 0.94217414, 0.012807667, -0.9465017, 0.3224445, 0.99566644, -0.017633334, -0.091309175]
1431284839094, 165688703510, [0.09177387, 0.32326064, 0.94184935, 0.012715846, -0.94614434, 0.3234957, 0.9956987, -0.017712057, -0.090942]
1431284839099, 165693647357, [0.09148729, 0.32426637, 0.9415314, 0.012611762, -0.945798, 0.32451034, 0.99572635, -0.017814174, -0.09061798]
1431284839104, 165698621723, [0.091225624, 0.32526278, 0.941213, 0.01250653, -0.9454537, 0.3255161, 0.9957516, -0.017924085, -0.09031744]
1431284839109, 165703504535, [0.09098303, 0.32624963, 0.94089484, 0.012415051, -0.9451117, 0.32651126, 0.995775, -0.018025711, -0.090039454]
1431284839114, 165708417865, [0.090738475, 0.3273239, 0.9405453, 0.012302056, -0.9447376, 0.32759613, 0.9957987, -0.018154904, -0.08975066]
1431284839119, 165713697406, [0.090586185, 0.32832712, 0.94021034, 0.01223661, -0.9443877, 0.32860684, 0.9958135, -0.018262297, -0.089566216]
1431284839124, 165718244525, [0.090450585, 0.32928705, 0.9398876, 0.012181923, -0.9440512, 0.32957348, 0.9958264, -0.018360466, -0.08940123]
1431284839129, 165723188373, [0.09038502, 0.32990092, 0.9396786, 0.012069717, -0.9438341, 0.33019894, 0.9958337, -0.018503383, -0.08929023]
1431284839134, 165728101703, [0.09036404, 0.3308124, 0.93936014, 0.012018383, -0.94351256, 0.3311186, 0.99583626, -0.018631637, -0.08923538]
1431284839139, 165733045551, [0.090449095, 0.3315401, 0.93909544, 0.011895478, -0.9432529, 0.33186215, 0.9958301, -0.018845633, -0.08926023]
1431284839144, 165737958881, [0.09045261, 0.33245733, 0.93877065, 0.011764795, -0.94292563, 0.3327952, 0.99583125, -0.019057736, -0.089201316]
1431284839149, 165743268939, [0.090578735, 0.33230606, 0.9388121, 0.011526555, -0.94297385, 0.33266705, 0.9958226, -0.019311294, -0.0892437]
1431284839154, 165747816059, [0.090654135, 0.3329186, 0.9385878, 0.011402369, -0.94275373, 0.33329496, 0.9958172, -0.019512445, -0.089260645]
1431284839158, 165752729389, [0.090705335, 0.3335567, 0.9383563, 0.011240721, -0.94252336, 0.33395138, 0.9958143, -0.019743383, -0.089241415]
1431284839163, 165757642719, [0.09071159, 0.33416122, 0.9381406, 0.011112079, -0.94230527, 0.33457023, 0.9958152, -0.019924715, -0.089191236]
1431284839169, 165762556049, [0.09066057, 0.3325758, 0.93870866, 0.01074104, -0.9428621, 0.33300996, 0.99582386, -0.020108178, -0.0890526]
1431284839173, 165767469379, [0.090584755, 0.33308437, 0.9385357, 0.010604233, -0.94267946, 0.33353147, 0.9958323, -0.020260423, -0.0889246]
1431284839178, 165772779437, [0.0904538, 0.33363673, 0.93835205, 0.010475725, -0.9424811, 0.33409506, 0.9958455, -0.020390257, -0.08874605]
1431284839183, 165777326557, [0.09030938, 0.33411112, 0.9381972, 0.010401368, -0.94231164, 0.33457515, 0.99585944, -0.020456731, -0.08857477]
1431284839188, 165782300922, [0.09015107, 0.3340425, 0.9382369, 0.010328263, -0.94233584, 0.33450943, 0.9958746, -0.020466045, -0.088402726]
1431284839193, 165787214252, [0.090040565, 0.33437955, 0.9381274, 0.010307953, -0.94221604, 0.33484748, 0.9958848, -0.02047968, -0.0882845]
1431284839198, 165792127582, [0.089888215, 0.3348044, 0.9379905, 0.010281503, -0.9420647, 0.33527339, 0.9958988, -0.020493165, -0.088122755]
1431284839203, 165797040912, [0.0897221, 0.33529198, 0.93783224, 0.010260344, -0.94189125, 0.33576155, 0.995914, -0.020502761, -0.087948784]
1431284839208, 165802350971, [0.089604914, 0.33566433, 0.9377102, 0.0102188885, -0.9417579, 0.3361367, 0.995925, -0.020537183, -0.0878164]
1431284839213, 165806867572, [0.08947426, 0.33609793, 0.93756735, 0.010158896, -0.941602, 0.33657473, 0.99593735, -0.020590141, -0.087663576]
1431284839218, 165811811420, [0.08928245, 0.33664042, 0.93739104, 0.0101169795, -0.9414076, 0.33711928, 0.995955, -0.020615295, -0.08745703]
1431284839223, 165816724750, [0.089084625, 0.33713144, 0.9372334, 0.010040417, -0.94123083, 0.337615, 0.9959735, -0.020666093, -0.087234214]
1431284839230, 165821668598, [0.08878034, 0.33790848, 0.93698233, 0.009993017, -0.9409517, 0.33839315, 0.99600106, -0.02067937, -0.0869147]
1431284839233, 165826581928, [0.08841163, 0.33865348, 0.9367482, 0.009914279, -0.9406836, 0.33914047, 0.9960347, -0.020696774, -0.08652493]
1431284839238, 165831891986, [0.08808088, 0.33923268, 0.93656975, 0.009889349, -0.94047546, 0.33971733, 0.99606425, -0.02066052, -0.08619259]
1431284839242, 165836439105, [0.087644696, 0.3399817, 0.936339, 0.009856373, -0.94020617, 0.34046325, 0.99610305, -0.020610899, -0.085755095]
1431284839247, 165841382953, [0.08721644, 0.3404867, 0.9361955, 0.009829, -0.940025, 0.3409638, 0.99614084, -0.020535767, -0.085332215]
1431284839252, 165846296283, [0.08678049, 0.34108418, 0.9360186, 0.009742051, -0.93980867, 0.3415621, 0.9961798, -0.020522162, -0.084879875]
1431284839257, 165851240131, [0.086275995, 0.34178913, 0.935808, 0.009659931, -0.93955326, 0.34226644, 0.99622446, -0.020489544, -0.08436255]
1431284839262, 165856153461, [0.085728586, 0.34258744, 0.93556637, 0.00957343, -0.9392632, 0.34306395, 0.9962725, -0.020453796, -0.08380143]
1431284839267, 165861463519, [0.08520728, 0.34286553, 0.93551207, 0.0094714165, -0.939163, 0.34334093, 0.9963182, -0.020394504, -0.08327091]
1431284839272, 165866010639, [0.084748685, 0.34354794, 0.9353034, 0.009395048, -0.9389143, 0.34402296, 0.9963581, -0.020368308, -0.08279948]
1431284839276, 165870923969, [0.084316134, 0.34421355, 0.9350978, 0.009389639, -0.9386724, 0.3446827, 0.9963949, -0.020282105, -0.082377404]
1431284839281, 165875867816, [0.08395082, 0.34481382, 0.9349094, 0.009371355, -0.93845314, 0.34527934, 0.9964258, -0.020225108, -0.08201526]
1431284839287, 165880781146, [0.083615124, 0.3448196, 0.93493736, 0.009304136, -0.9384521, 0.3452838, 0.9964546, -0.020172164, -0.081677]
1431284839291, 165885694477, [0.08329654, 0.3454569, 0.9347306, 0.009249166, -0.93821794, 0.34592152, 0.99648196, -0.020168588, -0.08134553]
1431284839297, 165891004535, [0.082968056, 0.34614328, 0.9345058, 0.009222478, -0.9379655, 0.34660596, 0.99650955, -0.020138755, -0.08101349]
1431284839301, 165895551654, [0.08271754, 0.3466692, 0.9343331, 0.009135544, -0.9377705, 0.34713578, 0.9965311, -0.020178556, -0.080737144]
1431284839306, 165900495502, [0.08249807, 0.34667343, 0.9343509, 0.008948356, -0.9377668, 0.3471507, 0.9965511, -0.020278394, -0.08046624]
1431284839311, 165905408832, [0.08225316, 0.3472017, 0.9341763, 0.008796766, -0.93756896, 0.3476881, 0.9965726, -0.020380735, -0.08017227]
1431284839316, 165910322162, [0.08201796, 0.3477137, 0.9340065, 0.008634046, -0.9373767, 0.34821016, 0.9965934, -0.020495191, -0.079883836]
1431284839321, 165915266010, [0.081778705, 0.34822708, 0.9338363, 0.008505419, -0.93718445, 0.34873074, 0.9966143, -0.02057609, -0.07960362]
1431284839327, 165920545551, [0.081508934, 0.3484283, 0.9337848, 0.008307859, -0.9371071, 0.34894282, 0.996638, -0.020684183, -0.07927721]
1431284839332, 165925092670, [0.08133888, 0.348769, 0.9336724, 0.008176908, -0.93697846, 0.3492916, 0.99665296, -0.02077645, -0.079064704]
1431284839336, 165930036518, [0.08110392, 0.3492397, 0.9335168, 0.008070782, -0.93680173, 0.34976742, 0.9966729, -0.020833284, -0.0787969]
1431284839340, 165934949848, [0.0808326, 0.3497734, 0.93334055, 0.007948726, -0.9366012, 0.35030693, 0.996696, -0.020897344, -0.07848816]
1431284839346, 165939863178, [0.08054137, 0.35004923, 0.93326235, 0.007885873, -0.9364986, 0.35058254, 0.9967201, -0.020876795, -0.07818729]
1431284839350, 165944807025, [0.08028108, 0.35052466, 0.93310624, 0.007799998, -0.93632, 0.3510609, 0.9967417, -0.020905316, -0.07790277]
1431284839356, 165950117084, [0.080013156, 0.3509434, 0.93297195, 0.007750526, -0.9361636, 0.3514793, 0.9967637, -0.02089195, -0.07762544]
1431284839360, 165954633686, [0.07980704, 0.35118872, 0.93289727, 0.007657796, -0.9360708, 0.35172832, 0.99678093, -0.02092646, -0.077394366]
1431284839365, 165959577533, [0.07948625, 0.35121673, 0.93291414, 0.0075333863, -0.93606025, 0.35175925, 0.99680746, -0.020932019, -0.07704981]
1431284839370, 165964490863, [0.07920605, 0.35152882, 0.9328204, 0.007422015, -0.9359423, 0.35207513, 0.99683064, -0.020963073, -0.0767413]
1431284839375, 165969434711, [0.078885496, 0.35191077, 0.93270344, 0.007320076, -0.93579835, 0.35245937, 0.99685675, -0.020976469, -0.076396815]
1431284839380, 165974348041, [0.078490674, 0.3524438, 0.9325355, 0.0072460026, -0.93559843, 0.35299152, 0.9968885, -0.020949379, -0.075989515]
1431284839386, 165979658100, [0.078080475, 0.35244307, 0.93257034, 0.007138014, -0.9355999, 0.35299036, 0.99692154, -0.020904988, -0.075568005]
1431284839390, 165984205219, [0.07773954, 0.35295582, 0.9324048, 0.007069081, -0.9354068, 0.3535028, 0.99694866, -0.020889923, -0.07521322]
1431284839395, 165989118549, [0.07736021, 0.35358453, 0.93219817, 0.00704585, -0.9351707, 0.35412732, 0.9969783, -0.020827234, -0.07483636]
1431284839400, 165994031879, [0.07697213, 0.35441178, 0.931916, 0.00700441, -0.9348581, 0.35495216, 0.99700856, -0.02079387, -0.074440345]
1431284839405, 165999036762, [0.076639, 0.35410678, 0.93205947, 0.006923005, -0.93497527, 0.3546453, 0.99703485, -0.020727023, -0.07410701]
1431284839410, 166003889057, [0.076390326, 0.35463682, 0.93187827, 0.006877601, -0.9347744, 0.3551752, 0.99705416, -0.020722851, -0.07384674]
1431284839415, 166009199115, [0.07610941, 0.35523528, 0.9316734, 0.006898567, -0.93454885, 0.35576808, 0.9970757, -0.020650089, -0.07357861]
1431284839419, 166013746234, [0.07582098, 0.35584965, 0.9314624, 0.0068641305, -0.9343155, 0.35638088, 0.99709785, -0.020627454, -0.0732833]
1431284839425, 166018659564, [0.075686574, 0.3558711, 0.93146515, 0.006855577, -0.9343082, 0.35640025, 0.9971081, -0.02058898, -0.073154226]
1431284839430, 166023603412, [0.07552868, 0.35620707, 0.9313495, 0.0068353564, -0.9341804, 0.35673547, 0.99712014, -0.020577654, -0.07299216]
1431284839435, 166028516742, [0.07536149, 0.35656276, 0.931227, 0.0068417788, -0.93404573, 0.35708833, 0.99713284, -0.020539477, -0.07283074]
1431284839439, 166033460590, [0.07518965, 0.35692847, 0.9311007, 0.0068310946, -0.93390644, 0.3574524, 0.9971459, -0.020516291, -0.07265836]
1431284839445, 166038740131, [0.074956894, 0.35711098, 0.93104947, 0.006750658, -0.93383634, 0.35763648, 0.9971639, -0.020522118, -0.07240808]
1431284839449, 166043287250, [0.07477462, 0.35749876, 0.9309153, 0.006711349, -0.933688, 0.35802448, 0.9971778, -0.020523444, -0.07221538]
1431284839454, 166048231098, [0.074564874, 0.3579447, 0.9307608, 0.0066198707, -0.9335163, 0.35847405, 0.99719423, -0.020568073, -0.07197715]
1431284839459, 166053144428, [0.07439339, 0.35830906, 0.9306343, 0.006520033, -0.93337524, 0.3588431, 0.9972077, -0.020627812, -0.07177326]
1431284839464, 166058088275, [0.07418126, 0.35837314, 0.9306265, 0.006420225, -0.93335, 0.35891014, 0.9972241, -0.020649567, -0.07153788]
1431284839469, 166063032123, [0.073997855, 0.3587628, 0.9304911, 0.0064163655, -0.9332011, 0.35929742, 0.9972378, -0.020616889, -0.07135687]
1431284839474, 166068311664, [0.0737735, 0.35923952, 0.93032485, 0.006348476, -0.9330172, 0.3597757, 0.9972548, -0.020635754, -0.07111256]
1431284839478, 166072828266, [0.073592484, 0.359624, 0.9301907, 0.0063289404, -0.9328695, 0.36015892, 0.9972683, -0.020617858, -0.07092822]
1431284839484, 166077772113, [0.07341802, 0.35955465, 0.9302313, 0.0062500536, -0.932896, 0.3600914, 0.9972816, -0.020623192, -0.07073855]
1431284839488, 166082685443, [0.073215604, 0.35998434, 0.93008107, 0.00622344, -0.9327308, 0.36052, 0.99729675, -0.020607397, -0.07053088]
1431284839493, 166087629291, [0.07292926, 0.36059216, 0.9298681, 0.0061512887, -0.9324957, 0.3611287, 0.99731815, -0.020616964, -0.070224315]
1431284839498, 166092542621, [0.07273269, 0.36100906, 0.92972165, 0.006091103, -0.932334, 0.36154693, 0.9973329, -0.020633236, -0.07001011]
1431284839504, 166097852680, [0.0724836, 0.36085662, 0.9298003, 0.0059743226, -0.93239284, 0.36139706, 0.99735165, -0.020640433, -0.06973903]
1431284839508, 166102369281, [0.07224816, 0.36135605, 0.9296246, 0.005905986, -0.93219894, 0.36189777, 0.9973691, -0.020656064, -0.06948367]
1431284839514, 166107313129, [0.07200503, 0.36187106, 0.9294432, 0.005838886, -0.93199897, 0.36241376, 0.99738723, -0.0206687, -0.0692215]
1431284839520, 166112226459, [0.07175046, 0.36241037, 0.9292528, 0.005739704, -0.9317887, 0.36295617, 0.9974062, -0.02070865, -0.06893653]
1431284839523, 166117170307, [0.07156569, 0.36029798, 0.93008804, 0.0054335445, -0.932606, 0.36085528, 0.99742115, -0.02077119, -0.06870026]
1431284839528, 166122083637, [0.071406245, 0.36063597, 0.92996925, 0.0053575337, -0.93247443, 0.3611961, 0.9974329, -0.020809323, -0.06851656]
1431284839534, 166127393695, [0.07127768, 0.36090863, 0.92987335, 0.005269259, -0.9323677, 0.36147285, 0.9974426, -0.020865187, -0.0683587]
1431284839538, 166131940814, [0.07111901, 0.36124483, 0.9297549, 0.0051621497, -0.93223596, 0.36181396, 0.99745446, -0.020932317, -0.06816442]
1431284839543, 166136854144, [0.07094747, 0.3608411, 0.9299248, 0.0049681813, -0.93239045, 0.36141872, 0.9974677, -0.021021709, -0.06794353]
1431284839547, 166141797992, [0.07080001, 0.36115357, 0.92981476, 0.004799217, -0.93226653, 0.36174044, 0.997479, -0.02114886, -0.06773779]
1431284839552, 166146711322, [0.070638955, 0.36149508, 0.9296942, 0.0046343803, -0.93213123, 0.3620906, 0.9974911, -0.021269098, -0.06751992]
1431284839557, 166151624652, [0.070391, 0.36202022, 0.9295087, 0.0044751465, -0.9319253, 0.36262253, 0.99750936, -0.021365672, -0.0672192]
1431284839563, 166156934711, [0.07019675, 0.36159283, 0.92968976, 0.004234791, -0.93208843, 0.36220604, 0.99752414, -0.021488652, -0.06696086]
1431284839567, 166161481830, [0.070014715, 0.36197847, 0.9295534, 0.004150301, -0.93193775, 0.36259437, 0.99753726, -0.021529004, -0.066751644]
1431284839572, 166166395160, [0.069815814, 0.36239952, 0.9294044, 0.00399521, -0.9317719, 0.36302257, 0.9975519, -0.021631554, -0.06650036]
1431284839577, 166171339008, [0.069579005, 0.36290103, 0.92922634, 0.0038203895, -0.93157405, 0.3635318, 0.99756914, -0.021744192, -0.06620449]
1431284839582, 166176252338, [0.06935251, 0.3623698, 0.9294505, 0.0036065578, -0.9317788, 0.36300844, 0.99758565, -0.021823406, -0.06592801]
1431284839587, 166181196186, [0.06902236, 0.36306846, 0.9292025, 0.0034129769, -0.93150437, 0.36371434, 0.9976093, -0.021933094, -0.06553383]
1431284839592, 166186475727, [0.06872672, 0.36369357, 0.92897993, 0.0032223463, -0.9312578, 0.36434695, 0.9976304, -0.022046894, -0.06517433]
1431284839597, 166191022846, [0.068433344, 0.36431408, 0.9287584, 0.002999857, -0.93101186, 0.36497694, 0.9976512, -0.022190467, -0.06480526]
1431284839602, 166195966693, [0.06814271, 0.3642848, 0.9287912, 0.0027444214, -0.9310201, 0.36495763, 0.9976718, -0.022320211, -0.06444201]
1431284839607, 166200880023, [0.06786525, 0.36487135, 0.9285813, 0.0025125742, -0.93078655, 0.36555427, 0.99769133, -0.022475272, -0.06408474]
1431284839611, 166205793353, [0.06753951, 0.36555946, 0.92833436, 0.0023064464, -0.93051356, 0.3662498, 0.9977139, -0.022595167, -0.063689455]
1431284839616, 166210737201, [0.067169726, 0.36598969, 0.9281916, 0.0020744503, -0.9303419, 0.36668742, 0.9977394, -0.02270481, -0.06325005]
1431284839622, 166216016742, [0.06685656, 0.3660328, 0.92819726, 0.001838088, -0.9303223, 0.3667384, 0.9977609, -0.022812754, -0.062870935]
1431284839626, 166220563861, [0.066619515, 0.36622104, 0.92814, 0.0016510487, -0.9302456, 0.36693335, 0.99777704, -0.022912487, -0.06257698]
1431284839631, 166225507709, [0.06635374, 0.36644447, 0.9280709, 0.0014563203, -0.93015534, 0.36716336, 0.9977951, -0.023011088, -0.062252972]
1431284839636, 166230421039, [0.06607461, 0.36669594, 0.9279915, 0.0012618899, -0.9300539, 0.36742103, 0.99781394, -0.023106188, -0.061915696]
1431284839641, 166235364887, [0.06584704, 0.36643434, 0.928111, 0.0010498613, -0.9301546, 0.36716667, 0.99782914, -0.02320245, -0.06163268]
1431284839647, 166240278217, [0.065705895, 0.36639595, 0.92813617, 8.895248E-4, -0.9301673, 0.36713478, 0.9978387, -0.02329731, -0.06144336]
1431284839651, 166245588275, [0.06548613, 0.36652672, 0.92810005, 7.457584E-4, -0.9301143, 0.36726958, 0.9978532, -0.023358956, -0.061182987]
1431284839656, 166250104877, [0.06533289, 0.3665939, 0.9280844, 6.492436E-4, -0.9300868, 0.36733916, 0.9978633, -0.02339679, -0.06100325]
1431284839661, 166255048725, [0.06506473, 0.36647755, 0.92814904, 5.110651E-4, -0.93013203, 0.3672247, 0.9978809, -0.023419008, -0.060705982]
1431284839666, 166259962055, [0.06483531, 0.36696333, 0.9279732, 4.4745207E-4, -0.92994034, 0.36771, 0.9978959, -0.023425356, -0.06045711]
1431284839671, 166264905902, [0.064623296, 0.36741218, 0.9278104, 3.5238266E-4, -0.92976207, 0.36816055, 0.9979096, -0.023464799, -0.060213678]
1431284839675, 166269819232, [0.06439948, 0.36788595, 0.9276382, 3.46601E-4, -0.9295759, 0.36863038, 0.9979241, -0.023418069, -0.059991624]
1431284839681, 166275129291, [0.06426859, 0.3675955, 0.9277624, 3.0313432E-4, -0.92969143, 0.36833888, 0.99793255, -0.023391366, -0.05986129]
1431284839685, 166279676410, [0.06420779, 0.36772406, 0.9277157, 2.9663742E-4, -0.92964107, 0.36846665, 0.99793655, -0.02338323, -0.059799396]
1431284839691, 166284589740, [0.06418204, 0.3677786, 0.9276959, 2.9608607E-4, -0.9296195, 0.36852074, 0.99793816, -0.023377731, -0.05977376]
1431284839695, 166289533588, [0.064168036, 0.36780822, 0.9276851, 2.7017295E-4, -0.92960733, 0.3685516, 0.99793905, -0.023398608, -0.05975054]
1431284839702, 166294446918, [0.064177275, 0.36746582, 0.9278201, 2.1603703E-4, -0.92974186, 0.36821198, 0.9979385, -0.023430407, -0.0597477]
1431284839706, 166299451801, [0.064235985, 0.3676722, 0.92773426, 2.1992624E-4, -0.9296595, 0.36841995, 0.9979347, -0.023461804, -0.059798516]
1431284839710, 166304670307, [0.0642035, 0.3680828, 0.9275737, 1.9860268E-4, -0.9294961, 0.36883187, 0.99793684, -0.023496076, -0.05975002]
1431284839715, 166309217426, [0.06419855, 0.36838263, 0.927455, 1.2475252E-4, -0.9293751, 0.36913666, 0.99793714, -0.02358234, -0.059710495]
1431284839720, 166314161273, [0.06424141, 0.3681542, 0.9275427, 6.1929226E-5, -0.9294641, 0.36891252, 0.99793434, -0.023642033, -0.05973289]
1431284839725, 166319074603, [0.06414783, 0.3685779, 0.9273809, 3.8579106E-5, -0.9292958, 0.36933628, 0.9979404, -0.023656338, -0.05962648]
1431284839730, 166323987934, [0.06406832, 0.36888438, 0.9272646, -2.69562E-5, -0.929173, 0.36964542, 0.99794555, -0.023707584, -0.05952071]
1431284839735, 166328931781, [0.06394023, 0.36920035, 0.92714775, -9.36985E-5, -0.9290466, 0.36996293, 0.9979538, -0.023742393, -0.059368942]
1431284839740, 166334211322, [0.06378698, 0.36949146, 0.9270422, -1.8952787E-4, -0.9289294, 0.37025672, 0.9979635, -0.02379325, -0.059183527]
1431284839745, 166338758441, [0.06360161, 0.36981395, 0.92692643, -2.7137995E-4, -0.92880046, 0.37058026, 0.9979754, -0.023821056, -0.058972865]
1431284839749, 166343702289, [0.06339306, 0.37014493, 0.9268086, -3.5327673E-4, -0.9286682, 0.37091175, 0.9979886, -0.023840666, -0.05874049]
1431284839756, 166348615619, [0.06316388, 0.3705175, 0.9266753, -4.249066E-4, -0.9285195, 0.37128377, 0.9980031, -0.023845479, -0.058491584]
1431284839760, 166353559467, [0.062941074, 0.37072477, 0.9266076, -5.618632E-4, -0.92843527, 0.3714941, 0.9980171, -0.023902878, -0.058228545]
1431284839764, 166358472797, [0.06273544, 0.37111968, 0.9264635, -5.9990585E-4, -0.9282778, 0.3718871, 0.99803007, -0.023886293, -0.05801327]
1431284839769, 166363752338, [0.06260568, 0.37140328, 0.9263586, -6.1675906E-4, -0.9281648, 0.37216914, 0.9980382, -0.023871258, -0.057879344]
1431284839775, 166368299457, [0.062478304, 0.37172848, 0.9262367, -6.698668E-4, -0.92803395, 0.37249497, 0.9980461, -0.023893297, -0.05773295]
1431284839779, 166373243305, [0.06239009, 0.3721679, 0.92606616, -7.042438E-4, -0.92785716, 0.37293512, 0.99805164, -0.023919627, -0.057626978]
1431284839784, 166378156635, [0.062367797, 0.37241015, 0.92597026, -7.510781E-4, -0.9277585, 0.37317997, 0.9980529, -0.023969874, -0.057582427]
1431284839789, 166383100482, [0.062287986, 0.37282538, 0.9258084, -7.8086555E-4, -0.92759115, 0.37359583, 0.99805784, -0.023993433, -0.05748655]
1431284839793, 166388013812, [0.062252164, 0.3731751, 0.92567, -8.3205104E-4, -0.92744917, 0.37394834, 0.9980601, -0.024049282, -0.057425212]
1431284839799, 166393323871, [0.062194347, 0.3737414, 0.92544544, -8.3212554E-4, -0.92722076, 0.37451428, 0.9980637, -0.024062768, -0.057356887]
1431284839804, 166397901508, [0.062187135, 0.3740391, 0.9253256, -8.562952E-4, -0.92709965, 0.3748138, 0.9980641, -0.024100974, -0.057333335]
1431284839808, 166402784320, [0.062138975, 0.3744855, 0.92514837, -8.625239E-4, -0.9269192, 0.3752602, 0.99806714, -0.024116248, -0.057274893]
1431284839813, 166407697650, [0.062133014, 0.37492508, 0.9249707, -8.716136E-4, -0.9267406, 0.375701, 0.99806756, -0.024149671, -0.05725444]
1431284839818, 166412610980, [0.062194884, 0.37528652, 0.9248199, -8.992106E-4, -0.9265923, 0.3760662, 0.9980636, -0.024220988, -0.05729177]
1431284839823, 166417524311, [0.062226832, 0.37581134, 0.9246046, -9.2704594E-4, -0.92637765, 0.37659448, 0.9980616, -0.024291411, -0.057297055]
1431284839828, 166422834369, [0.06237924, 0.3762058, 0.9244338, -9.532571E-4, -0.9262147, 0.3769949, 0.998052, -0.024397865, -0.05741778]
1431284839833, 166427381488, [0.062469304, 0.37667918, 0.924235, -9.910613E-4, -0.92601967, 0.37747353, 0.9980464, -0.024496451, -0.05747433]
1431284839838, 166432294818, [0.06260216, 0.3771178, 0.92404705, -9.8373E-4, -0.92583925, 0.37791592, 0.998038, -0.024567336, -0.05758841]
1431284839843, 166437238666, [0.06274986, 0.37768465, 0.92380553, -9.678006E-4, -0.92560625, 0.37848657, 0.9980288, -0.024644032, -0.057716127]
1431284839848, 166442151996, [0.06297314, 0.37818876, 0.92358416, -8.840263E-4, -0.9253994, 0.37899232, 0.99801487, -0.024682835, -0.057940982]
1431284839853, 166447065326, [0.06321001, 0.37876996, 0.9233297, -8.433461E-4, -0.92515934, 0.37957823, 0.9979999, -0.024771824, -0.058159955]
1431284839858, 166452375385, [0.06357378, 0.3778798, 0.92366946, -8.382946E-4, -0.92552114, 0.378695, 0.9979768, -0.024849385, -0.058522068]
1431284839863, 166456953021, [0.06388593, 0.37838, 0.9234431, -7.0771575E-4, -0.92531604, 0.37919635, 0.997957, -0.024878874, -0.058846984]
1431284839869, 166461866352, [0.06426096, 0.37889475, 0.92320603, -5.74559E-4, -0.9251039, 0.37971365, 0.997933, -0.024931207, -0.05923035]
1431284839872, 166466810199, [0.06471008, 0.37927365, 0.92301905, -4.4710934E-4, -0.92494655, 0.38009703, 0.99790406, -0.025008827, -0.059683837]
1431284839878, 166471723529, [0.0651356, 0.378444, 0.92332953, -3.761649E-4, -0.9252851, 0.37927204, 0.99787635, -0.025051445, -0.060126636]
1431284839882, 166476636859, [0.0655511, 0.37877977, 0.9231624, -2.4323165E-4, -0.92514604, 0.37961102, 0.99784917, -0.025108442, -0.060552113]
1431284839888, 166481946918, [0.0659951, 0.37907076, 0.92301136, -1.1570752E-4, -0.92502505, 0.37990606, 0.99781996, -0.02517873, -0.061003253]
