1430676271202
3.97
1430676270426, 4628859272879, [-0.0113655925, 0.79299533, 0.6091217, -0.01726529, -0.6092258, 0.7928088, 0.9997864, -0.0015059412, 0.020615488]
1430676270431, 4628864216726, [-0.011022389, 0.79236674, 0.6099454, -0.01627934, -0.61004376, 0.79220045, 0.99980664, -0.0011975467, 0.019623369]
1430676270436, 4628869252127, [-0.010633945, 0.79166484, 0.6108632, -0.015214652, -0.6109551, 0.7915191, 0.99982774, -8.7714195E-4, 0.018541694]
1430676270441, 4628874165457, [-0.010236144, 0.79094607, 0.6118002, -0.014184654, -0.6118855, 0.79081905, 0.99984694, -5.8320165E-4, 0.017482698]
1430676270446, 4628879475515, [-0.009933412, 0.7902737, 0.6126735, -0.01321578, -0.61275405, 0.7901633, 0.9998634, -2.4798512E-4, 0.016530752]
1430676270451, 4628884053152, [-0.009601295, 0.78964543, 0.6134884, -0.012379438, -0.6135635, 0.78954834, 0.9998773, -1.3947487E-5, 0.015666366]
1430676270456, 4628889027517, [-0.009441614, 0.7891985, 0.6140656, -0.011735499, -0.6141381, 0.78911126, 0.9998866, 2.4411082E-4, 0.015060082]
1430676270461, 4628894001883, [-0.0092737675, 0.7887076, 0.6146985, -0.011260837, -0.6147684, 0.78862727, 0.99989355, 3.915131E-4, 0.014582738]
1430676270466, 4628898976248, [-0.009273529, 0.7883309, 0.6151817, -0.011113316, -0.6152513, 0.7882527, 0.9998952, 4.7317147E-4, 0.014466554]
1430676270471, 4628903889578, [-0.0094150305, 0.78819, 0.61536, -0.011156738, -0.6154318, 0.7881112, 0.9998934, 5.54651E-4, 0.014587894]
1430676270476, 4628909260672, [-0.0095101, 0.78796256, 0.6156496, -0.011298746, -0.61572284, 0.78788173, 0.9998909, 5.367696E-4, 0.014758587]
1430676270480, 4628913838308, [-0.009548426, 0.7877295, 0.61594737, -0.011508256, -0.6160212, 0.78764546, 0.9998882, 4.322827E-4, 0.014947385]
1430676270486, 4628918782156, [-0.009680688, 0.7875775, 0.61613965, -0.011686295, -0.6162156, 0.7874909, 0.99988496, 4.2301416E-4, 0.015169203]
1430676270490, 4628923756521, [-0.009711981, 0.78738785, 0.61638135, -0.011870474, -0.61645776, 0.78729844, 0.9998824, 3.2952428E-4, 0.015333697]
1430676270495, 4628928730886, [-0.0097824335, 0.7872862, 0.6165099, -0.011960268, -0.6165874, 0.78719544, 0.99988055, 3.271103E-4, 0.015448004]
1430676270500, 4628933674734, [-0.009796619, 0.78714746, 0.616687, -0.011970639, -0.61676466, 0.7870565, 0.9998804, 3.28362E-4, 0.015464917]
1430676270511, 4628939015310, [-0.009786189, 0.7871672, 0.61666197, -0.0118839145, -0.61673945, 0.78707755, 0.99988145, 3.7419796E-4, 0.015390247]
1430676270511, 4628943592947, [-0.009687841, 0.7869488, 0.6169423, -0.011718065, -0.6170182, 0.78686166, 0.99988437, 3.9365888E-4, 0.015199095]
1430676270515, 4628948536795, [-0.0094586015, 0.7865721, 0.617426, -0.01140064, -0.6174983, 0.7864896, 0.99989027, 4.0003657E-4, 0.014808133]
1430676270520, 4628953511160, [-0.009279966, 0.78628325, 0.61779654, -0.011173934, -0.6178661, 0.7862039, 0.9998945, 3.92735E-4, 0.014519632]
1430676270525, 4628958455008, [-0.0090456605, 0.786183, 0.61792755, -0.010969639, -0.6179936, 0.7861066, 0.9998989, 3.324449E-4, 0.014214337]
1430676270531, 4628963429373, [-0.008839607, 0.7859262, 0.61825705, -0.010756075, -0.61832017, 0.7858527, 0.9999031, 2.965629E-4, 0.01391919]
1430676270535, 4628968769949, [-0.008686781, 0.785779, 0.61844635, -0.01056245, -0.6185072, 0.78570807, 0.9999064, 2.9298663E-4, 0.013672665]
1430676270540, 4628973347586, [-0.008536994, 0.78565633, 0.6186043, -0.0103370845, -0.61866313, 0.7855884, 0.9999101, 3.1203032E-4, 0.013402924]
1430676270545, 4628978321951, [-0.008277833, 0.78538436, 0.6189531, -0.010012209, -0.6190084, 0.7853206, 0.9999156, 3.0362606E-4, 0.012987435]
1430676270550, 4628983265799, [-0.008125007, 0.78530467, 0.61905617, -0.009883165, -0.6191094, 0.78524256, 0.99991816, 2.61873E-4, 0.012791589]
1430676270555, 4628988240164, [-0.007869661, 0.7851044, 0.6193136, -0.009600073, -0.61936355, 0.78504574, 0.999923, 2.3254752E-4, 0.012411162]
1430676270560, 4628993184011, [-0.007674992, 0.78498095, 0.61947227, -0.009415805, -0.61951977, 0.7849245, 0.9999262, 1.9147992E-4, 0.0121461]
1430676270566, 4628998524588, [-0.0073903203, 0.78456676, 0.62000036, -0.0090816915, -0.6200443, 0.7845142, 0.99993145, 1.6719103E-4, 0.011707559]
1430676270570, 4629003132742, [-0.0071698427, 0.78438544, 0.6202323, -0.008842617, -0.62027377, 0.7843356, 0.9999352, 1.3908744E-4, 0.011383206]
1430676270575, 4629008076590, [-0.0069863796, 0.784258, 0.6203955, -0.008681208, -0.62043476, 0.78421, 0.99993795, 9.304285E-5, 0.011142939]
1430676270579, 4629013020437, [-0.0068060756, 0.78414214, 0.6205439, -0.008582681, -0.62058115, 0.78409517, 0.99994, 1.0699034E-5, 0.010953814]
1430676270585, 4629017994803, [-0.006640494, 0.7839775, 0.6207535, -0.008493632, -0.62078905, 0.7839315, 0.9999418, -6.67274E-5, 0.010781243]
1430676270589, 4629022938650, [-0.0065686107, 0.78402895, 0.6206895, -0.008514702, -0.6207243, 0.78398275, 0.9999422, -1.3533235E-4, 0.010752991]
1430676270595, 4629028279226, [-0.00646019, 0.784071, 0.6206374, -0.008504152, -0.620671, 0.78402495, 0.9999429, -2.129674E-4, 0.010677606]
1430676270599, 4629032856863, [-0.006360054, 0.7841183, 0.6205788, -0.008597195, -0.6206113, 0.7840712, 0.99994284, -3.4853816E-4, 0.01068832]
1430676270605, 4629037831228, [-0.0061597824, 0.7840675, 0.6206451, -0.008633643, -0.6206755, 0.78402007, 0.9999438, -5.2908063E-4, 0.010592505]
1430676270609, 4629042775076, [-0.005995989, 0.78408253, 0.62062764, -0.008678287, -0.62065625, 0.7840348, 0.9999443, -6.84917E-4, 0.010525927]
1430676270614, 4629047749441, [-0.0057519674, 0.7840055, 0.62072736, -0.008630633, -0.62075347, 0.78395844, 0.9999463, -8.480251E-4, 0.010336921]
1430676270619, 4629052693289, [-0.005465269, 0.7838739, 0.62089604, -0.008528799, -0.6209192, 0.78382814, 0.9999487, -0.0010116696, 0.010079026]
1430676270625, 4629058033865, [-0.005161166, 0.7836076, 0.62123466, -0.008472651, -0.6212549, 0.7835628, 0.99995077, -0.0012194216, 0.0098455995]
1430676270629, 4629062611502, [-0.0048518777, 0.78341174, 0.6214842, -0.00833559, -0.6215017, 0.7833686, 0.99995357, -0.0013796985, 0.00954552]
1430676270634, 4629067585867, [-0.0045107603, 0.7831739, 0.6217863, -0.008152872, -0.6218007, 0.78313303, 0.99995655, -0.0015367866, 0.009189919]
1430676270639, 4629072529715, [-0.0041451454, 0.7828759, 0.6221642, -0.007902533, -0.6221759, 0.78283787, 0.99996024, -0.0016717613, 0.008765519]
1430676270644, 4629077504080, [-0.003796637, 0.78237414, 0.622797, -0.007725626, -0.6228058, 0.7823382, 0.9999629, -0.0018411875, 0.008409008]
1430676270649, 4629082508963, [-0.0034302473, 0.78202045, 0.62324333, -0.0075035095, -0.62324965, 0.781987, 0.999966, -0.001994133, 0.008005738]
1430676270654, 4629087788504, [-0.0030700564, 0.78166705, 0.6236884, -0.007260084, -0.62369233, 0.78163624, 0.99996895, -0.0021283925, 0.0075897276]
1430676270659, 4629092366140, [-0.0027611852, 0.7813531, 0.62408304, -0.0070777833, -0.62408507, 0.7813244, 0.99997115, -0.0022597015, 0.007253453]
1430676270664, 4629097340506, [-0.0024467707, 0.7806817, 0.6249241, -0.0069141686, -0.6249243, 0.7806548, 0.9999731, -0.0024107695, 0.006926775]
1430676270669, 4629102284353, [-0.0021771193, 0.7804132, 0.62526035, -0.0068227053, -0.6252589, 0.78038764, 0.99997437, -0.002567023, 0.0066857487]
1430676270674, 4629107258719, [-0.0018874407, 0.7801057, 0.6256448, -0.0067352355, -0.6256417, 0.7800815, 0.99997556, -0.0027415454, 0.0064350367]
1430676270679, 4629112202566, [-0.0016124845, 0.779798, 0.6260291, -0.0066862702, -0.62602425, 0.77977484, 0.99997634, -0.0029283762, 0.006223485]
1430676270685, 4629117543142, [-0.0013853908, 0.77916104, 0.62682223, -0.0066540837, -0.62681615, 0.77913874, 0.9999769, -0.003091514, 0.0060530305]
1430676270689, 4629122120779, [-0.0012471676, 0.77898926, 0.62703604, -0.006555259, -0.6270294, 0.778968, 0.99997777, -0.0031389296, 0.005888477]
1430676270694, 4629127095144, [-0.0011348128, 0.7788414, 0.62721986, -0.006493181, -0.62721276, 0.7788209, 0.99997824, -0.0031888485, 0.0057689548]
1430676270699, 4629132069510, [-0.001024425, 0.77869606, 0.6274005, -0.0063423216, -0.62739325, 0.7786767, 0.9999794, -0.0031814575, 0.005581528]
1430676270704, 4629137013357, [-9.011626E-4, 0.77800906, 0.62825245, -0.006203562, -0.62824494, 0.77799094, 0.9999804, -0.0031963289, 0.0053925514]
1430676270708, 4629141987722, [-8.2588196E-4, 0.7779099, 0.62837535, -0.006106764, -0.6283678, 0.7778925, 0.999981, -0.0031948984, 0.005269438]
1430676270714, 4629147328299, [-7.175803E-4, 0.77776694, 0.62855244, -0.0060559213, -0.62854445, 0.77775013, 0.9999814, -0.0032483935, 0.0051611066]
1430676270719, 4629151905935, [-6.4748526E-4, 0.77767444, 0.6286669, -0.005957842, -0.62865883, 0.77765834, 0.999982, -0.003241986, 0.005040303]
1430676270724, 4629156849783, [-5.8090687E-4, 0.7764393, 0.6301918, -0.005902797, -0.63018364, 0.7764238, 0.9999825, -0.0032688975, 0.0049491376]
1430676270728, 4629161824148, [-5.174875E-4, 0.7763556, 0.6302949, -0.0058002174, -0.6302868, 0.7763407, 0.9999831, -0.0032541156, 0.0048291683]
1430676270733, 4629166767996, [-5.018115E-4, 0.7763349, 0.6303204, -0.0057248175, -0.6303124, 0.77632046, 0.99998343, -0.0032188594, 0.0047607124]
1430676270739, 4629171803396, [-4.8220158E-4, 0.7763089, 0.6303525, -0.0056161284, -0.6303448, 0.77629507, 0.99998415, -0.0031658113, 0.0046637505]
1430676270744, 4629177082937, [-5.042553E-4, 0.7763701, 0.6302772, -0.0055028796, -0.63026994, 0.7763567, 0.9999848, -0.003076911, 0.00458999]
1430676270748, 4629181660574, [-5.556345E-4, 0.7764382, 0.6301931, -0.005423963, -0.63018626, 0.776425, 0.9999851, -0.0029866695, 0.0045615733]
1430676270753, 4629186634939, [-5.232096E-4, 0.7763952, 0.6302461, -0.0052615404, -0.63023955, 0.7763828, 0.999986, -0.0029098094, 0.0044148415]
1430676270758, 4629191578787, [-5.3465366E-4, 0.7764103, 0.63022757, -0.0051719546, -0.6302214, 0.7763983, 0.9999865, -0.0028444529, 0.0043524206]
1430676270763, 4629196553152, [-5.220771E-4, 0.77672255, 0.62984276, -0.005120307, -0.6298367, 0.7767108, 0.99998677, -0.0028195381, 0.004305795]
1430676270768, 4629201497000, [-5.2684546E-4, 0.77672887, 0.6298349, -0.0051266253, -0.6298288, 0.7767171, 0.99998677, -0.002819717, 0.004313767]
1430676270773, 4629206837576, [-5.675554E-4, 0.77678275, 0.6297685, -0.0051891804, -0.6297625, 0.77677053, 0.9999864, -0.0028271675, 0.0043881685]
1430676270778, 4629211415213, [-6.1267614E-4, 0.7768423, 0.62969494, -0.0052468777, -0.62968886, 0.7768297, 0.99998605, -0.0028279722, 0.004461795]
1430676270783, 4629216389578, [-6.379485E-4, 0.7771071, 0.62936795, -0.0052749217, -0.6293619, 0.77709436, 0.9999858, -0.0028240979, 0.0045007616]
1430676270788, 4629221333426, [-6.4247847E-4, 0.7771132, 0.6293605, -0.0052756965, -0.6293545, 0.7771004, 0.9999859, -0.0028210282, 0.0045042485]
1430676270793, 4629226307791, [-6.1672926E-4, 0.7770791, 0.6294027, -0.0051636994, -0.62939686, 0.7770668, 0.99998647, -0.0027708113, 0.00440076]
1430676270799, 4629231251638, [-6.1017275E-4, 0.7770704, 0.6294134, -0.005112499, -0.62940776, 0.7770584, 0.9999867, -0.0027437806, 0.0043568164]
1430676270804, 4629236592215, [-6.7293644E-4, 0.7770437, 0.62944615, -0.0050059855, -0.62944096, 0.7770321, 0.99998724, -0.002628088, 0.0043135285]
1430676270808, 4629241169851, [-6.495714E-4, 0.7770128, 0.6294844, -0.004899323, -0.6294794, 0.7770016, 0.9999877, -0.0025793016, 0.0042158067]
1430676270814, 4629246144217, [-6.814003E-4, 0.7771514, 0.62931335, -0.0048906803, -0.6293086, 0.77714014, 0.99998784, -0.0025482476, 0.0042295605]
1430676270818, 4629251088064, [-7.393956E-4, 0.7773239, 0.62910026, -0.0048984885, -0.62909573, 0.7773125, 0.9999878, -0.0025069118, 0.0042727888]
1430676270823, 4629256062429, [-8.068085E-4, 0.7760228, 0.6307044, -0.0049622655, -0.63069993, 0.77601093, 0.99998736, -0.0025036335, 0.0043596774]
1430676270828, 4629261036795, [-8.3482265E-4, 0.77616435, 0.6305301, -0.0050680637, -0.6305255, 0.776152, 0.99998677, -0.002547592, 0.004460022]
1430676270833, 4629266346853, [-8.7946653E-4, 0.776342, 0.6303113, -0.005191326, -0.6303066, 0.7763289, 0.9999861, -0.0025894046, 0.0045846105]
1430676270839, 4629270924490, [-8.752346E-4, 0.7764359, 0.6301956, -0.00522238, -0.6301908, 0.77642274, 0.99998593, -0.0026115477, 0.004606411]
1430676270843, 4629275898855, [-8.596778E-4, 0.77607787, 0.63063663, -0.0052066743, -0.63063186, 0.77606475, 0.9999861, -0.0026164055, 0.004582867]
1430676270848, 4629280873220, [-8.239746E-4, 0.7760961, 0.63061416, -0.0051649213, -0.6306094, 0.77608335, 0.9999864, -0.0026176572, 0.0045279413]
1430676270853, 4629285817068, [-7.198453E-4, 0.7759862, 0.63074946, -0.0050898492, -0.63074434, 0.77597404, 0.99998677, -0.0026518404, 0.00440374]
1430676270857, 4629290791433, [-5.8054924E-4, 0.775777, 0.631007, -0.0049382746, -0.63100165, 0.7757658, 0.99998766, -0.0026657283, 0.0041972846]
1430676270864, 4629296101492, [-4.6253204E-4, 0.7755065, 0.6313393, -0.004800141, -0.63133377, 0.77549624, 0.9999883, -0.0026717782, 0.004014656]
1430676270868, 4629300709646, [-3.8409233E-4, 0.7753102, 0.63158053, -0.0047084093, -0.631575, 0.7753005, 0.99998885, -0.0026759803, 0.0038930327]
1430676270872, 4629305684011, [-2.9563904E-4, 0.77507496, 0.63186914, -0.004545033, -0.6318637, 0.77506614, 0.99998957, -0.002642721, 0.0037095547]
1430676270877, 4629310627859, [-2.1445751E-4, 0.7748331, 0.63216573, -0.004400164, -0.63216037, 0.77482504, 0.9999903, -0.0026154518, 0.0035450011]
1430676270882, 4629315602224, [-1.155138E-4, 0.7746916, 0.63233924, -0.004309684, -0.6323337, 0.77468413, 0.9999907, -0.0026357174, 0.00341174]
1430676270888, 4629320546072, [3.5762787E-6, 0.7743647, 0.63273954, -0.004248768, -0.6327339, 0.7743578, 0.99999106, -0.0026912391, 0.0032877624]
1430676270893, 4629325886648, [5.4180622E-5, 0.7741006, 0.6330626, -0.0042066574, -0.6330569, 0.7740939, 0.9999912, -0.0027050376, 0.0032220334]
1430676270897, 4629330464285, [8.690357E-5, 0.77387106, 0.6333431, -0.004153818, -0.63333726, 0.7738646, 0.9999913, -0.0026980042, 0.003159538]
1430676270903, 4629335438650, [1.5479326E-4, 0.7737043, 0.63354677, -0.0041516125, -0.6335408, 0.7736981, 0.99999136, -0.0027499795, 0.0031140894]
1430676270907, 4629340382498, [1.7482042E-4, 0.77345926, 0.633846, -0.0041747093, -0.63383996, 0.773453, 0.99999124, -0.0027813911, 0.0031181127]
1430676270912, 4629345356863, [9.906292E-5, 0.7733302, 0.6340034, -0.0042419434, -0.6339973, 0.77332354, 0.99999094, -0.0027659535, 0.0032176822]
1430676270917, 4629350331228, [2.5510788E-5, 0.7731982, 0.6341646, -0.0043204427, -0.6341586, 0.7731911, 0.9999907, -0.0027596056, 0.0033242553]
1430676270924, 4629355671804, [-1.2105703E-4, 0.7726115, 0.6348791, -0.004463792, -0.6348733, 0.7726035, 0.9999901, -0.0027404726, 0.00352557]
1430676270927, 4629360218924, [-2.7537346E-4, 0.7726383, 0.6348465, -0.0046501756, -0.63484067, 0.77262914, 0.9999892, -0.0027393997, 0.0037676543]
1430676270932, 4629365193289, [-4.6366453E-4, 0.77272844, 0.6347366, -0.0048273504, -0.63473105, 0.77271813, 0.99998826, -0.002705872, 0.004024446]
1430676270937, 4629370137136, [-6.787777E-4, 0.77289355, 0.6345354, -0.0050188005, -0.6345301, 0.77288187, 0.9999872, -0.0026600063, 0.004309714]
1430676270942, 4629375111502, [-8.793473E-4, 0.7725308, 0.63497674, -0.0051775277, -0.6349721, 0.77251786, 0.9999863, -0.0026083589, 0.0045580417]
1430676270947, 4629380055349, [-0.0010979176, 0.7727688, 0.6346867, -0.005345702, -0.6346826, 0.77275455, 0.9999851, -0.0025444329, 0.0048277825]
1430676270952, 4629385395926, [-0.0012310743, 0.7729268, 0.63449395, -0.0054457486, -0.6344902, 0.77291167, 0.9999844, -0.0025037825, 0.0049902797]
1430676270956, 4629389973562, [-0.0014190078, 0.77319455, 0.63416725, -0.005527884, -0.63416433, 0.7731786, 0.9999837, -0.0024084449, 0.005173981]
1430676270962, 4629394947928, [-0.0015451312, 0.7731812, 0.6341833, -0.0056273043, -0.6341808, 0.7731644, 0.99998295, -0.0023741424, 0.0053307563]
1430676270966, 4629399922293, [-0.0016578436, 0.7734082, 0.6339061, -0.00576213, -0.6339039, 0.7733904, 0.999982, -0.0023705065, 0.00550738]
1430676270971, 4629404866140, [-0.0017457604, 0.7736304, 0.6336347, -0.005905181, -0.6336326, 0.77361155, 0.99998105, -0.0023911893, 0.0056746155]
1430676270977, 4629409840506, [-0.001758039, 0.7737771, 0.63345546, -0.006022513, -0.63345313, 0.7737576, 0.9999803, -0.002454698, 0.005773723]
1430676270982, 4629415181082, [-0.0017074347, 0.77394867, 0.63324606, -0.0061324835, -0.63324314, 0.77392864, 0.99997973, -0.002561897, 0.0058274716]
1430676270986, 4629419758719, [-0.0016927123, 0.7740886, 0.63307494, -0.0062486827, -0.6330716, 0.7740679, 0.99997896, -0.002645582, 0.0059087425]
1430676270991, 4629424702566, [-0.0016444921, 0.7742217, 0.63291234, -0.0063130856, -0.6329086, 0.7742008, 0.9999787, -0.002722472, 0.0059285313]
1430676270996, 4629429676931, [-0.0015557408, 0.7743194, 0.632793, -0.006411344, -0.6327885, 0.77429813, 0.99997824, -0.0028524399, 0.005948916]
1430676271001, 4629434651297, [-0.0014525056, 0.7746309, 0.6324119, -0.006421119, -0.6324068, 0.7746099, 0.99997836, -0.0029356778, 0.005892545]
1430676271006, 4629439595144, [-0.0013734698, 0.7747328, 0.63228726, -0.006436944, -0.63228166, 0.77471197, 0.9999783, -0.0030060112, 0.005855277]
1430676271011, 4629444935720, [-0.0012785196, 0.7748014, 0.63220346, -0.0065340996, -0.6321969, 0.7747802, 0.9999778, -0.0031402707, 0.0058709234]
1430676271018, 4629449513357, [-0.0011812449, 0.7748071, 0.63219655, -0.0066269636, -0.63218915, 0.77478564, 0.99997723, -0.0032742918, 0.0058814436]
1430676271021, 4629454487722, [-0.0011206865, 0.7749075, 0.63207364, -0.0067309737, -0.63206553, 0.7748857, 0.99997675, -0.0033860803, 0.0059242398]
1430676271026, 4629459431570, [-0.001091063, 0.77492946, 0.63204676, -0.006821811, -0.63203824, 0.77490723, 0.9999761, -0.0034662783, 0.0059760213]
1430676271031, 4629464405935, [-0.0010583997, 0.7749227, 0.63205516, -0.006816685, -0.63204646, 0.7749006, 0.9999763, -0.0034884214, 0.0059512556]
1430676271036, 4629469349783, [-0.0010975599, 0.7749903, 0.6319721, -0.006858796, -0.6319634, 0.77496785, 0.9999758, -0.003483951, 0.006009206]
1430676271042, 4629474751394, [-0.0010897517, 0.7741101, 0.6330501, -0.0069009364, -0.63304114, 0.77408737, 0.99997556, -0.0035250783, 0.0060319453]
1430676271046, 4629479267996, [-0.001042068, 0.77403295, 0.63314444, -0.0069028735, -0.6331353, 0.7740104, 0.9999756, -0.0035639405, 0.0060028136]
1430676271051, 4629484242361, [-0.0010057092, 0.7739525, 0.63324285, -0.0069209337, -0.6332333, 0.7739299, 0.99997544, -0.0036042333, 0.005993426]
1430676271056, 4629489186209, [-0.001014173, 0.7739134, 0.63329065, -0.006988615, -0.633281, 0.7738904, 0.9999751, -0.0036409497, 0.00605087]
1430676271061, 4629494160574, [-0.0010661483, 0.7733636, 0.6339619, -0.007032484, -0.6339524, 0.77334017, 0.9999747, -0.0036338568, 0.006114453]
1430676271066, 4629499104422, [-0.0011411905, 0.77340114, 0.63391584, -0.0071232617, -0.6339065, 0.7733769, 0.99997395, -0.0036329627, 0.00623253]
1430676271071, 4629504444998, [-0.0011657476, 0.77337015, 0.6339537, -0.007152885, -0.63394445, 0.7733456, 0.9999738, -0.003633082, 0.006270796]
1430676271076, 4629509053152, [-0.0011500716, 0.77330273, 0.63403594, -0.0071033835, -0.6340267, 0.7732786, 0.99997413, -0.0036144555, 0.0062222183]
1430676271081, 4629513997000, [-0.0011173487, 0.77277195, 0.6346828, -0.0070430934, -0.63467354, 0.7727483, 0.9999746, -0.003606677, 0.00615184]
1430676271086, 4629518971365, [-0.0010686517, 0.77269876, 0.63477206, -0.0070367455, -0.6347625, 0.7726753, 0.9999747, -0.0036410391, 0.0061156005]
1430676271090, 4629523915213, [-9.911656E-4, 0.7725994, 0.63489306, -0.006980717, -0.63488317, 0.7725766, 0.9999751, -0.003666252, 0.006022632]
1430676271095, 4629528889578, [-9.034872E-4, 0.7724921, 0.6350237, -0.0069165826, -0.6350136, 0.77247, 0.9999757, -0.003694266, 0.0059167445]
1430676271101, 4629534230154, [-8.1688166E-4, 0.7724341, 0.6350943, -0.006883979, -0.6350838, 0.77241254, 0.9999759, -0.0037409961, 0.0058362186]
1430676271105, 4629538807791, [-6.915927E-4, 0.7722794, 0.6352827, -0.0068285167, -0.63527167, 0.77225864, 0.99997646, -0.0038039982, 0.005712837]
1430676271110, 4629543751638, [-6.092787E-4, 0.77219135, 0.6353897, -0.0067018867, -0.6353788, 0.77217156, 0.99997735, -0.0037878752, 0.0055622607]
1430676271116, 4629548726004, [-4.8470497E-4, 0.7720577, 0.6355522, -0.0065740943, -0.63554096, 0.77203906, 0.99997824, -0.0038039386, 0.0053837]
1430676271120, 4629553700369, [-4.3690205E-4, 0.77259016, 0.6349049, -0.0064569116, -0.63489395, 0.77257234, 0.9999791, -0.0037620068, 0.0052659065]
1430676271126, 4629558644217, [-4.2515993E-4, 0.77263224, 0.6348538, -0.0063487887, -0.6348431, 0.7726151, 0.9999798, -0.0037020743, 0.0051751584]
1430676271130, 4629563984793, [-3.4451485E-4, 0.7725942, 0.6349001, -0.00620389, -0.6348895, 0.772578, 0.9999807, -0.0036726892, 0.005011812]
1430676271135, 4629568562429, [-3.0732155E-4, 0.7726015, 0.63489115, -0.0060302913, -0.63488114, 0.77258635, 0.99998176, -0.0035911798, 0.004854083]
1430676271140, 4629573536795, [-2.9057264E-4, 0.7730471, 0.6343486, -0.0058647096, -0.6343391, 0.7730328, 0.9999828, -0.0034956634, 0.004717976]
1430676271145, 4629578480642, [-1.9562244E-4, 0.77295274, 0.63446355, -0.00567466, -0.63445425, 0.77293956, 0.9999839, -0.0034491718, 0.0045103133]
1430676271151, 4629583455008, [-1.2862682E-4, 0.7728751, 0.6345581, -0.0055487454, -0.6345488, 0.77286273, 0.9999845, -0.003421545, 0.0043702275]
1430676271155, 4629588398855, [-1.1360645E-4, 0.7728565, 0.6345809, -0.00542894, -0.6345721, 0.7728447, 0.9999853, -0.003357321, 0.0042678565]
1430676271161, 4629593739431, [-6.7830086E-5, 0.77251947, 0.63499105, -0.0053245723, -0.63498235, 0.77250826, 0.9999858, -0.0033286512, 0.0041564554]
1430676271165, 4629598317068, [-7.271767E-5, 0.77250016, 0.6350146, -0.0052725375, -0.63500607, 0.7724892, 0.9999861, -0.0032919347, 0.004119247]
1430676271170, 4629603291433, [-5.453825E-5, 0.7724446, 0.6350822, -0.0052191913, -0.63507366, 0.7724339, 0.99998635, -0.0032724738, 0.004066199]
1430676271175, 4629608235281, [-9.3758106E-5, 0.7724689, 0.6350526, -0.005225092, -0.6350444, 0.7724581, 0.99998635, -0.0032458007, 0.0040956885]
1430676271180, 4629613209646, [-1.0639429E-4, 0.7724756, 0.6350444, -0.005133331, -0.6350365, 0.7724651, 0.9999868, -0.003177762, 0.00403288]
1430676271185, 4629618184011, [-1.14262104E-4, 0.7724693, 0.63505214, -0.0051157176, -0.6350443, 0.77245885, 0.99998695, -0.0031605363, 0.004024267]
1430676271190, 4629623494070, [-1.03890896E-4, 0.7724563, 0.63506794, -0.005057335, -0.6350602, 0.77244604, 0.99998724, -0.003131479, 0.003972575]
1430676271196, 4629628071707, [-7.623434E-5, 0.7724191, 0.6351131, -0.0049466193, -0.6351056, 0.77240944, 0.9999877, -0.0030827224, 0.0038693398]
1430676271200, 4629633046072, [-7.688999E-6, 0.77242446, 0.6351067, -0.0048126876, -0.6350994, 0.77241546, 0.99998844, -0.003050685, 0.0037222803]
1430676271205, 4629637989920, [1.142025E-4, 0.7722602, 0.63530636, -0.004694432, -0.63529897, 0.7722521, 0.99998903, -0.0030706227, 0.003552705]
1430676271209, 4629642964285, [2.0265579E-4, 0.7721408, 0.6354514, -0.0045862794, -0.63544405, 0.7721333, 0.99998945, -0.0030708313, 0.0034124702]
1430676271215, 4629647908133, [3.2544136E-4, 0.7719752, 0.63565254, -0.0044742823, -0.63564515, 0.7719685, 0.99999, -0.0030953288, 0.003247127]
1430676271220, 4629653248709, [3.9058924E-4, 0.77196586, 0.635664, -0.0044035614, -0.6356566, 0.7719595, 0.9999902, -0.0031007528, 0.0031510144]
1430676271225, 4629657826345, [4.5353174E-4, 0.77188087, 0.63576716, -0.0043195486, -0.63575983, 0.77187496, 0.99999064, -0.003096342, 0.0030457377]
1430676271229, 4629662800711, [5.0729513E-4, 0.77180845, 0.63585496, -0.0042710304, -0.6358475, 0.77180284, 0.9999907, -0.0031072497, 0.0029738992]
1430676271234, 4629667744558, [5.533099E-4, 0.77174604, 0.63593066, -0.004160434, -0.6359235, 0.771741, 0.9999912, -0.0030727983, 0.0028588474]
1430676271240, 4629672718924, [6.405115E-4, 0.77157956, 0.63613254, -0.0040759444, -0.6361254, 0.771575, 0.9999915, -0.0030870438, 0.0027374476]
1430676271244, 4629677662771, [6.8950653E-4, 0.77151346, 0.6362127, -0.0039943755, -0.6362057, 0.7715092, 0.9999918, -0.0030732453, 0.002643004]
1430676271249, 4629683064383, [7.0899725E-4, 0.771487, 0.63624465, -0.003929287, -0.6362378, 0.77148306, 0.999992, -0.0030469298, 0.0025802553]
1430676271255, 4629687550467, [7.092953E-4, 0.77148664, 0.6362451, -0.0038292706, -0.6362385, 0.77148294, 0.99999243, -0.0029835403, 0.002502948]
1430676271259, 4629692524832, [7.59542E-4, 0.77056724, 0.6373582, -0.0037352443, -0.63735175, 0.77056384, 0.9999927, -0.0029658973, 0.0023942292]
1430676271264, 4629697468679, [8.097887E-4, 0.77049917, 0.63744044, -0.0036500692, -0.63743407, 0.7704962, 0.99999297, -0.0029505491, 0.0022962391]
1430676271269, 4629702443045, [8.842945E-4, 0.77039814, 0.6375625, -0.003613025, -0.6375562, 0.7703954, 0.9999931, -0.0029847622, 0.002219662]
1430676271274, 4629707417410, [0.0010001063, 0.7702413, 0.6377517, -0.003549695, -0.63774526, 0.7702391, 0.9999932, -0.0030341148, 0.00209634]
1430676271280, 4629712757986, [0.001097858, 0.7699105, 0.63815093, -0.0034894347, -0.6381445, 0.7699087, 0.9999933, -0.0030720234, 0.0019859672]
1430676271284, 4629717335623, [0.0011326671, 0.7698631, 0.63820815, -0.0034857988, -0.6382017, 0.76986146, 0.9999933, -0.0030967593, 0.0019605905]
1430676271289, 4629722309988, [0.0011278391, 0.76986974, 0.6382, -0.0035523176, -0.6381933, 0.7698679, 0.999993, -0.0031353533, 0.0020150393]
1430676271294, 4629727253836, [0.0011169314, 0.7698847, 0.6381819, -0.0036993027, -0.6381747, 0.76988256, 0.9999925, -0.0032206774, 0.0021353662]
1430676271299, 4629732228201, [0.0011037588, 0.7698786, 0.6381894, -0.00379771, -0.6381819, 0.76987624, 0.9999922, -0.0032733977, 0.0022194237]
1430676271303, 4629737172049, [0.0010604262, 0.7699374, 0.6381186, -0.003920704, -0.6381109, 0.76993454, 0.9999918, -0.0033183396, 0.0023420155]
1430676271309, 4629742512625, [0.0010537505, 0.76994646, 0.6381076, -0.0040469468, -0.6380995, 0.76994336, 0.99999124, -0.0033937097, 0.0024435222]
1430676271313, 4629747090261, [0.001070261, 0.76992404, 0.6381347, -0.0041053593, -0.6381264, 0.7699208, 0.99999106, -0.0034438372, 0.0024777502]
1430676271319, 4629752064627, [0.0010820627, 0.7699964, 0.63804734, -0.004141718, -0.6380388, 0.76999307, 0.9999908, -0.0034757853, 0.0024986863]
1430676271324, 4629757038992, [0.0011247993, 0.7699386, 0.638117, -0.0041947663, -0.6381082, 0.76993525, 0.9999905, -0.003542751, 0.0025119632]
1430676271328, 4629761982840, [0.0011318326, 0.769929, 0.6381285, -0.0042737722, -0.63811934, 0.76992553, 0.9999902, -0.0035986304, 0.0025683194]
1430676271333, 4629766957205, [0.0011581182, 0.7698933, 0.6381716, -0.0043741167, -0.6381621, 0.7698897, 0.9999898, -0.0036830604, 0.0026285052]
1430676271339, 4629772267263, [0.0011541247, 0.7699616, 0.6380892, -0.0045304, -0.638079, 0.76995754, 0.99998903, -0.0037793815, 0.0027518123]
1430676271343, 4629776905935, [0.0011284947, 0.7699965, 0.63804716, -0.0046456754, -0.6380366, 0.769992, 0.9999886, -0.0038330853, 0.0028571337]
1430676271348, 4629781819265, [0.0010832548, 0.7700578, 0.6379732, -0.004740536, -0.63796246, 0.7700529, 0.9999882, -0.0038584769, 0.0029593855]
1430676271353, 4629786793631, [0.001036942, 0.7701205, 0.6378976, -0.004872471, -0.6378865, 0.770115, 0.9999876, -0.003906697, 0.003090918]
1430676271359, 4629791767996, [9.5021725E-4, 0.7699914, 0.63805354, -0.005033076, -0.63804203, 0.7699851, 0.9999869, -0.0039429963, 0.0032691509]
1430676271363, 4629796711844, [9.0402365E-4, 0.7700541, 0.6379779, -0.0052109063, -0.6379659, 0.77004695, 0.999986, -0.0040205717, 0.0034359396]
1430676271368, 4629802021902, [8.544326E-4, 0.7701213, 0.6378971, -0.0054344535, -0.6378843, 0.7701131, 0.9999849, -0.004124671, 0.0036400706]
1430676271373, 4629806630056, [7.947087E-4, 0.77020216, 0.6377993, -0.0056143105, -0.63778603, 0.7701931, 0.99998385, -0.004192859, 0.0038173646]
1430676271379, 4629811573904, [6.982684E-4, 0.7695188, 0.63862383, -0.0058366656, -0.63860995, 0.7695085, 0.9999827, -0.004264772, 0.0040454715]
1430676271383, 4629816548269, [6.1249733E-4, 0.7696352, 0.63848346, -0.0060057044, -0.6384692, 0.7696238, 0.9999817, -0.004305899, 0.0042312294]
1430676271388, 4629821492117, [5.57065E-4, 0.7697104, 0.6383929, -0.0061840713, -0.6383781, 0.769698, 0.9999807, -0.00437662, 0.004404366]
1430676271393, 4629826466482, [5.065799E-4, 0.769779, 0.63831025, -0.0063143373, -0.6382951, 0.7697658, 0.9999799, -0.0044203997, 0.004537329]
1430676271399, 4629831807058, [5.0616264E-4, 0.7692814, 0.6389098, -0.00641945, -0.6388942, 0.76926774, 0.99997926, -0.0044907928, 0.0046150535]
1430676271403, 4629836384695, [5.133748E-4, 0.7692716, 0.6389217, -0.0064638555, -0.63890576, 0.7692578, 0.99997896, -0.0045247674, 0.004644558]
1430676271408, 4629841328543, [5.5265427E-4, 0.7692182, 0.63898605, -0.0064546764, -0.6389701, 0.7692045, 0.9999791, -0.0045495927, 0.0046119094]
1430676271413, 4629846302908, [6.1762333E-4, 0.76913, 0.63909197, -0.006482601, -0.63907564, 0.7691165, 0.9999788, -0.004618019, 0.0045912564]
1430676271418, 4629851246756, [7.261634E-4, 0.7685461, 0.639794, -0.0064963996, -0.63977706, 0.7685331, 0.99997866, -0.0047143996, 0.0045281947]
1430676271423, 4629856221121, [7.661581E-4, 0.7684916, 0.6398593, -0.006534964, -0.6398419, 0.7684787, 0.9999783, -0.0047702193, 0.00453189]
1430676271428, 4629861561697, [8.215308E-4, 0.7684164, 0.63994974, -0.006582588, -0.6399319, 0.7684034, 0.999978, -0.004843861, 0.0045324266]
1430676271433, 4629866139334, [8.7976456E-4, 0.76833713, 0.64004475, -0.0066298544, -0.6400265, 0.76832426, 0.99997765, -0.00491938, 0.004530847]
1430676271438, 4629871083181, [9.070635E-4, 0.7681943, 0.6402162, -0.0066690445, -0.64019763, 0.76818144, 0.9999774, -0.0049664676, 0.004542351]
1430676271443, 4629876057547, [9.4527006E-4, 0.76814246, 0.64027816, -0.00675112, -0.64025885, 0.7681294, 0.9999767, -0.0050486326, 0.004580736]
1430676271448, 4629881001394, [9.1326237E-4, 0.768186, 0.6402261, -0.0069130063, -0.6402062, 0.768172, 0.9999757, -0.0051274598, 0.004725814]
1430676271452, 4629885975760, [8.7565184E-4, 0.76823723, 0.64016473, -0.0070200264, -0.6401444, 0.76822245, 0.99997497, -0.0051666796, 0.004832521]
1430676271458, 4629891316336, [8.303523E-4, 0.7684965, 0.63985336, -0.0071356893, -0.63983274, 0.768481, 0.99997413, -0.0052039027, 0.004952505]
1430676271463, 4629895893972, [8.099079E-4, 0.7685244, 0.63981986, -0.007208407, -0.63979894, 0.76850843, 0.99997365, -0.00523448, 0.005021751]
1430676271467, 4629900868338, [7.6049566E-4, 0.7685916, 0.6397394, -0.0073124766, -0.63971823, 0.7685748, 0.99997306, -0.0052626133, 0.005133763]
1430676271472, 4629905812185, [7.664561E-4, 0.7685834, 0.6397491, -0.007357925, -0.6397276, 0.7685665, 0.99997264, -0.00529629, 0.0051648915]
1430676271478, 4629910756033, [7.3975325E-4, 0.7677386, 0.6407627, -0.0074141324, -0.640741, 0.76772124, 0.9999722, -0.005318582, 0.005218193]
1430676271482, 4629915730398, [7.520318E-4, 0.7677218, 0.6407828, -0.007414937, -0.640761, 0.7677045, 0.99997216, -0.0053286552, 0.005210817]
1430676271487, 4629921040457, [7.9900026E-4, 0.7676577, 0.64085966, -0.007390201, -0.64083785, 0.7676407, 0.9999724, -0.0053494275, 0.005161047]
1430676271492, 4629925679129, [8.5139275E-4, 0.76758647, 0.6409448, -0.007420391, -0.6409224, 0.76756966, 0.99997205, -0.005409509, 0.0051502287]
1430676271497, 4629930622976, [8.819103E-4, 0.76746833, 0.6410862, -0.0074256957, -0.6410637, 0.76745164, 0.999972, -0.0054372847, 0.005133733]
1430676271502, 4629935566824, [9.344816E-4, 0.76739657, 0.64117205, -0.0074165165, -0.64114934, 0.7673803, 0.9999721, -0.005472362, 0.005092308]
1430676271507, 4629940510672, [9.899139E-4, 0.76732117, 0.6412623, -0.007389486, -0.64123946, 0.76730525, 0.9999722, -0.005498171, 0.005035341]
1430676271512, 4629945485037, [9.769201E-4, 0.7673388, 0.64124113, -0.0074005723, -0.6412183, 0.7673228, 0.99997216, -0.005495161, 0.005052343]
1430676271518, 4629950825613, [9.698868E-4, 0.7671889, 0.64142036, -0.007371664, -0.6413977, 0.76717305, 0.99997234, -0.0054723322, 0.005033478]
1430676271522, 4629955403250, [0.0010195374, 0.7671212, 0.64150137, -0.0073067844, -0.6414788, 0.7671059, 0.99997276, -0.005469382, 0.0049512982]
1430676271527, 4629960347097, [0.0010238886, 0.76711506, 0.6415088, -0.0072556734, -0.6414866, 0.76710004, 0.9999732, -0.0054400563, 0.0049090832]
1430676271532, 4629965321463, [0.0010995269, 0.76701206, 0.6416317, -0.0071436167, -0.6416097, 0.766998, 0.9999739, -0.0054268837, 0.004773751]
1430676271537, 4629970295828, [0.0010966063, 0.76675177, 0.64194274, -0.007035762, -0.6419212, 0.7667382, 0.9999746, -0.0053572953, 0.004690811]
1430676271542, 4629975239676, [0.0011556149, 0.76667106, 0.64203906, -0.0068968534, -0.6420182, 0.7666584, 0.99997556, -0.005314082, 0.004545599]
1430676271547, 4629980580252, [0.0012257099, 0.7665754, 0.64215326, -0.0067460537, -0.6421328, 0.76656383, 0.9999765, -0.0052716136, 0.0043842047]
1430676271552, 4629985157888, [0.00128299, 0.76649714, 0.64224637, -0.006585747, -0.6422264, 0.76648664, 0.99997747, -0.005213052, 0.004224062]
1430676271557, 4629990132254, [0.0013190508, 0.7662276, 0.6425679, -0.006452352, -0.6425485, 0.7662178, 0.9999783, -0.0051567554, 0.0040964484]
1430676271562, 4629995076101, [0.0013996959, 0.7661172, 0.6426993, -0.006349534, -0.64268017, 0.7661083, 0.99997884, -0.0051531196, 0.003964931]
1430676271566, 4630000050467, [0.0014160872, 0.7660948, 0.64272594, -0.0062939823, -0.642707, 0.76608616, 0.99997914, -0.005130112, 0.0039117336]
1430676271571, 4630004994314, [0.0014122725, 0.76610005, 0.6427197, -0.006301105, -0.64270073, 0.76609135, 0.9999791, -0.0051317513, 0.003919676]
1430676271578, 4630010334890, [0.0014128685, 0.76576316, 0.6431211, -0.0063532293, -0.6431019, 0.7657542, 0.9999788, -0.0051677823, 0.0039564967]
1430676271582, 4630014912527, [0.0014784932, 0.76567316, 0.6432282, -0.0063486397, -0.64320874, 0.76566464, 0.9999788, -0.005215645, 0.0039099753]
1430676271586, 4630019886892, [0.0014683604, 0.765687, 0.6432117, -0.006392896, -0.6431921, 0.76567817, 0.99997854, -0.005236298, 0.0039504766]
1430676271591, 4630024830740, [0.0014760494, 0.7656765, 0.64322424, -0.006460279, -0.6432042, 0.76566744, 0.99997807, -0.005285561, 0.0039970726]
1430676271596, 4630029805105, [0.0015792847, 0.765342, 0.64362186, -0.0065070987, -0.6436011, 0.76533335, 0.9999775, -0.0053967834, 0.0039637834]
1430676271601, 4630034748953, [0.0017262101, 0.7651403, 0.6438613, -0.0065647364, -0.6438397, 0.76513225, 0.999977, -0.005547583, 0.003911555]
1430676271607, 4630040089529, [0.0019497871, 0.7648333, 0.6442254, -0.0066943765, -0.6442023, 0.764826, 0.99997574, -0.0058039427, 0.0038639605]
1430676271611, 4630044667166, [0.0023501515, 0.76428276, 0.64487714, -0.0067285895, -0.6448523, 0.76427776, 0.99997467, -0.0061353445, 0.0036269128]
1430676271616, 4630049641531, [0.0027718544, 0.7631926, 0.64616513, -0.0068464875, -0.646138, 0.7631899, 0.9999727, -0.006539434, 0.0034341514]
1430676271621, 4630054585379, [0.0033544898, 0.76222056, 0.64730865, -0.006889999, -0.64727926, 0.7622217, 0.9999706, -0.007016778, 0.0030804574]
1430676271626, 4630059559744, [0.0040753484, 0.76100296, 0.6487355, -0.0068995357, -0.648704, 0.7610094, 0.9999678, -0.0075773, 0.002606988]
1430676271631, 4630064503592, [0.004914701, 0.7595434, 0.650438, -0.006804079, -0.6504054, 0.7595568, 0.9999648, -0.008158654, 0.0019714385]
1430676271637, 4630069844168, [0.0058906674, 0.7572882, 0.65305436, -0.006789297, -0.6530204, 0.75731003, 0.9999596, -0.008894891, 0.0012946725]
1430676271641, 4630074421804, [0.0068563223, 0.75551, 0.6551013, -0.0067575574, -0.6550667, 0.75554085, 0.99995375, -0.009607136, 6.1404705E-4]
1430676271646, 4630079457205, [0.007933199, 0.753441, 0.6574676, -0.0067500174, -0.657433, 0.75348276, 0.99994576, -0.010415435, -1.2972951E-4]
1430676271651, 4630084340017, [0.00899291, 0.75131565, 0.6598818, -0.0068120956, -0.65984714, 0.751369, 0.9999364, -0.011252195, -8.159578E-4]
1430676271656, 4630089283865, [0.01007098, 0.74851257, 0.66304404, -0.0069366097, -0.6630094, 0.74857885, 0.9999252, -0.012138188, -0.0014849454]
1430676271661, 4630094258230, [0.011177897, 0.74610114, 0.6657388, -0.0071718395, -0.6657034, 0.7461819, 0.9999118, -0.013115287, -0.0020902157]
1430676271666, 4630099598806, [0.012321115, 0.7434603, 0.6686665, -0.0075136125, -0.6686295, 0.7435577, 0.9998958, -0.014185548, -0.0026521534]
1430676271671, 4630104176443, [0.013367653, 0.74098206, 0.67139184, -0.007876605, -0.6713529, 0.74109596, 0.9998796, -0.015195012, -0.0031379908]
1430676271676, 4630109150808, [0.014367998, 0.7379862, 0.6746629, -0.008413821, -0.6746194, 0.7381178, 0.9998614, -0.016281754, -0.0034836382]
1430676271681, 4630114094656, [0.01527673, 0.73539317, 0.6774685, -0.009028763, -0.6774186, 0.73554254, 0.9998426, -0.017353445, -0.0037091523]
1430676271686, 4630119069021, [0.016182125, 0.7326803, 0.68038064, -0.009782374, -0.6803212, 0.7328489, 0.99982125, -0.018514842, -0.0038418025]
1430676271690, 4630124012869, [0.017058253, 0.7299247, 0.68331474, -0.010617226, -0.68324333, 0.7301135, 0.9997981, -0.019709378, -0.0039051026]
1430676271697, 4630129353445, [0.017931879, 0.7268482, 0.6865641, -0.0116606355, -0.68647575, 0.72705925, 0.99977124, -0.02104333, -0.003834322]
1430676271703, 4630133931082, [0.018638134, 0.72432625, 0.6892054, -0.012585789, -0.6891005, 0.7245564, 0.99974704, -0.02217853, -0.0037272274]
1430676271709, 4630138905447, [0.019281268, 0.72173524, 0.6919005, -0.0136910975, -0.69177365, 0.7219845, 0.99972034, -0.023393571, -0.0034568459]
1430676271712, 4630143849295, [0.019815624, 0.71931744, 0.6943988, -0.014952689, -0.6942443, 0.71958405, 0.9996918, -0.02464211, -0.0030011237]
1430676271716, 4630148823660, [0.020225406, 0.71696025, 0.6968206, -0.016325474, -0.69663346, 0.7172415, 0.99966216, -0.025882483, -0.0023850054]
1430676271722, 4630153767508, [0.020683646, 0.71486604, 0.6989554, -0.017612785, -0.69873595, 0.71516275, 0.9996309, -0.027102709, -0.0018615872]
1430676271728, 4630159138601, [0.02133733, 0.71260333, 0.70124257, -0.018947005, -0.700988, 0.71292126, 0.9995928, -0.028498262, -0.0014554262]
1430676271730, 4630163685720, [0.021988213, 0.7108085, 0.7030417, -0.020028144, -0.70275736, 0.71114755, 0.9995575, -0.029717475, -0.0012160987]
1430676271735, 4630168660086, [0.022901595, 0.7087796, 0.7050581, -0.020955116, -0.7047478, 0.70914835, 0.99951804, -0.031015217, -0.0012872666]
1430676271740, 4630173603933, [0.023996174, 0.70684516, 0.7069611, -0.021741569, -0.70662844, 0.7072506, 0.99947554, -0.03234175, -0.0015883893]
1430676271745, 4630178578299, [0.025289476, 0.7048532, 0.70890224, -0.022333026, -0.7085536, 0.7053034, 0.99943066, -0.033668637, -0.0021773577]
1430676271750, 4630183522146, [0.026711643, 0.70285475, 0.7108315, -0.02282545, -0.710471, 0.703356, 0.9993825, -0.03501278, -0.0029347092]
1430676271756, 4630188862722, [0.028392196, 0.70056176, 0.7130267, -0.023262292, -0.712658, 0.70112586, 0.99932617, -0.036493152, -0.0039371997]
1430676271760, 4630193440359, [0.029852033, 0.69872105, 0.71477103, -0.023636073, -0.71439636, 0.6993419, 0.99927485, -0.037771195, -0.004811153]
1430676271765, 4630198414724, [0.031456232, 0.6967595, 0.7166147, -0.023942232, -0.71623856, 0.6974447, 0.99921834, -0.039096326, -0.005848214]
1430676271770, 4630203358572, [0.033054173, 0.69480145, 0.7184416, -0.024268657, -0.7180645, 0.69555336, 0.99915886, -0.040426552, -0.0068731457]
1430676271775, 4630208332937, [0.034617245, 0.6927258, 0.72036976, -0.024630696, -0.71999145, 0.6935457, 0.99909705, -0.04175183, -0.007861778]
1430676271780, 4630213276785, [0.036105275, 0.69081247, 0.72213185, -0.024994671, -0.72175276, 0.6916995, 0.99903536, -0.043023437, -0.008792415]
1430676271785, 4630218617361, [0.037603557, 0.6888187, 0.7239578, -0.025452077, -0.72357506, 0.6897765, 0.9989686, -0.044364393, -0.009677261]
