1431284793661
3.97
1431284792927, 119520595117, [0.13688171, 0.4937045, 0.85878944, 0.059617862, -0.86948407, 0.4903502, 0.9887918, -0.015920803, -0.14845014]
1431284792931, 119525111718, [0.13702357, 0.49332893, 0.8589826, 0.05994022, -0.8697022, 0.48992378, 0.98875266, -0.015643522, -0.14874002]
1431284792936, 119530055566, [0.13713795, 0.49295092, 0.85918134, 0.060125843, -0.86991954, 0.48951495, 0.9887255, -0.015472069, -0.14893809]
1431284792941, 119534968896, [0.13709301, 0.49281877, 0.8592643, 0.06023252, -0.86999696, 0.48936436, 0.98872524, -0.015332788, -0.14895427]
1431284792946, 119539882226, [0.13708907, 0.49247566, 0.85946155, 0.060291976, -0.87019295, 0.48900795, 0.9887221, -0.015218973, -0.1489861]
1431284792951, 119544826074, [0.13696176, 0.4924694, 0.8594856, 0.060438126, -0.87020016, 0.4889776, 0.9887309, -0.015025556, -0.14894813]
1431284792956, 119550105615, [0.136765, 0.49258688, 0.8594495, 0.060514897, -0.870136, 0.48908198, 0.98875344, -0.014879808, -0.148813]
1431284792960, 119554652734, [0.13655728, 0.4927897, 0.8593663, 0.060556665, -0.8700231, 0.48927784, 0.98877954, -0.014774069, -0.1486497]
1431284792966, 119559596582, [0.13631338, 0.49287307, 0.8593572, 0.060512006, -0.86997694, 0.4893653, 0.98881596, -0.014705628, -0.14841424]
1431284792970, 119564509912, [0.13606143, 0.4932174, 0.8591996, 0.06052862, -0.8697832, 0.48970765, 0.9888497, -0.014624178, -0.1481978]
1431284792975, 119569423242, [0.13576078, 0.493699, 0.8589705, 0.060597464, -0.8695121, 0.49018037, 0.9888867, -0.01449585, -0.14796259]
1431284792980, 119574336572, [0.13553184, 0.49411348, 0.85876834, 0.060678393, -0.86927855, 0.49058443, 0.9889132, -0.014381155, -0.14779702]
1431284792986, 119579646631, [0.13543147, 0.4941202, 0.8587803, 0.060694605, -0.8692758, 0.49058732, 0.988926, -0.0143176615, -0.14771779]
1431284792990, 119584163232, [0.13541293, 0.4942279, 0.8587212, 0.0607, -0.8692144, 0.49069527, 0.98892814, -0.014322132, -0.14770254]
1431284792996, 119589107080, [0.13546711, 0.49421278, 0.8587213, 0.060851067, -0.8692246, 0.49065816, 0.98891133, -0.01421392, -0.14782462]
1431284793000, 119594020410, [0.13546568, 0.49427915, 0.85868347, 0.06094809, -0.86918825, 0.49071085, 0.98890567, -0.014139354, -0.14787054]
1431284793006, 119598933740, [0.13547736, 0.49406558, 0.8588044, 0.06099026, -0.8693107, 0.49048853, 0.98890144, -0.014071345, -0.14790502]
1431284793009, 119603847070, [0.13550389, 0.49400678, 0.858834, 0.06099245, -0.8693441, 0.49042907, 0.9888977, -0.014072627, -0.14793016]
1431284793015, 119609157129, [0.13542378, 0.49407172, 0.85880935, 0.061030075, -0.86930823, 0.49048802, 0.98890626, -0.014010578, -0.14787826]
1431284793019, 119613704248, [0.13547635, 0.4938724, 0.8589157, 0.061067626, -0.86942214, 0.4902814, 0.98889685, -0.013969585, -0.14794573]
1431284793024, 119618648095, [0.13549554, 0.4934169, 0.85917443, 0.061127916, -0.8696827, 0.48981154, 0.98889047, -0.013847753, -0.1479997]
1431284793029, 119623561425, [0.13551837, 0.49323726, 0.85927397, 0.061167106, -0.8697854, 0.4896242, 0.98888487, -0.0137937665, -0.14804178]
1431284793034, 119628474756, [0.1355381, 0.4930753, 0.8593638, 0.061246634, -0.8698787, 0.4894486, 0.9888773, -0.013705775, -0.14810094]
1431284793041, 119633388086, [0.13547015, 0.49307862, 0.8593727, 0.061236292, -0.86987716, 0.4894526, 0.98888725, -0.013681427, -0.14803667]
1431284793045, 119638698144, [0.13548672, 0.4924305, 0.8597416, 0.061219037, -0.87024564, 0.48879933, 0.98888606, -0.013593301, -0.14805287]
1431284793049, 119643245263, [0.1354605, 0.49242893, 0.8597465, 0.06127003, -0.87024736, 0.48878974, 0.9888864, -0.013534963, -0.14805523]
1431284793054, 119648158593, [0.13550222, 0.49234337, 0.85978895, 0.061301053, -0.870296, 0.48869908, 0.9888788, -0.013513818, -0.1481081]
1431284793059, 119653071923, [0.1355322, 0.4922983, 0.8598101, 0.06138642, -0.87032264, 0.48864108, 0.9888694, -0.013445929, -0.14817713]
1431284793064, 119657985254, [0.1354689, 0.49225563, 0.8598445, 0.061432242, -0.87034804, 0.48859018, 0.9888752, -0.013366595, -0.14814544]
1431284793068, 119662929101, [0.13549805, 0.4922486, 0.8598439, 0.06150095, -0.8703526, 0.48857316, 0.988867, -0.013319463, -0.14820471]
1431284793074, 119668208642, [0.13559854, 0.49212986, 0.85989606, 0.061629936, -0.8704212, 0.48843497, 0.9888452, -0.013235733, -0.14835775]
1431284793079, 119672755761, [0.13565522, 0.49206954, 0.85992163, 0.061700925, -0.8704559, 0.48836407, 0.988833, -0.013191134, -0.14844301]
1431284793084, 119677669091, [0.13569206, 0.4920655, 0.8599182, 0.0617802, -0.8704591, 0.48834854, 0.988823, -0.013139114, -0.14851433]
1431284793088, 119682582422, [0.13568324, 0.49207506, 0.859914, 0.061861128, -0.87045467, 0.48834592, 0.98881906, -0.013065085, -0.1485464]
1431284793093, 119687495752, [0.13566124, 0.4920826, 0.8599132, 0.0619054, -0.87045103, 0.48834664, 0.9888193, -0.013016418, -0.1485489]
1431284793098, 119692409082, [0.1356448, 0.4920619, 0.8599277, 0.061937034, -0.8704635, 0.4883207, 0.98881966, -0.012976825, -0.14855072]
1431284793104, 119697719140, [0.13555092, 0.4921219, 0.85990816, 0.06197682, -0.8704307, 0.48837423, 0.98883003, -0.012905195, -0.14848788]
1431284793108, 119702266259, [0.13542014, 0.49229687, 0.8598286, 0.06201233, -0.8703327, 0.4885443, 0.9888457, -0.012838781, -0.14838907]
1431284793113, 119707210107, [0.13535404, 0.49236488, 0.8598001, 0.06206031, -0.8702952, 0.48860502, 0.9888518, -0.012775227, -0.14835435]
1431284793118, 119712123437, [0.13522238, 0.49254864, 0.85971546, 0.062112615, -0.8701922, 0.4887815, 0.98886645, -0.012695, -0.14826287]
1431284793124, 119717036767, [0.13507313, 0.49259818, 0.8597105, 0.06211394, -0.87016517, 0.4888295, 0.9888868, -0.012627721, -0.14813304]
1431284793128, 119721980615, [0.13496667, 0.49278486, 0.85962033, 0.062176824, -0.87006074, 0.48900768, 0.98889744, -0.012551278, -0.14806905]
1431284793133, 119727260156, [0.13493407, 0.49287862, 0.8595717, 0.062213406, -0.8700081, 0.4890967, 0.9888996, -0.012518942, -0.14805746]
1431284793137, 119731807275, [0.1348145, 0.4931392, 0.8594409, 0.06228143, -0.86986136, 0.4893487, 0.9889115, -0.012444094, -0.14798331]
1431284793143, 119736720605, [0.13470441, 0.49317527, 0.8594376, 0.062236205, -0.8698412, 0.48939055, 0.9889295, -0.0124349445, -0.1478649]
1431284793148, 119741633935, [0.13469827, 0.49318558, 0.85943264, 0.0622008, -0.869835, 0.4894062, 0.98893255, -0.012464792, -0.14784195]
1431284793152, 119746577783, [0.13478094, 0.49304557, 0.85949993, 0.062228262, -0.86991435, 0.48926148, 0.9889195, -0.012457937, -0.14792931]
1431284793157, 119751491113, [0.13482445, 0.4929719, 0.85953546, 0.062289596, -0.8699568, 0.48917827, 0.9889097, -0.012413114, -0.14799856]
1431284793163, 119756831689, [0.13490784, 0.49240077, 0.8598496, 0.062269628, -0.8702807, 0.48860428, 0.9888996, -0.012374014, -0.14806935]
1431284793167, 119761317773, [0.13500392, 0.49223796, 0.8599278, 0.062324494, -0.8703731, 0.48843247, 0.988883, -0.012345731, -0.14818221]
1431284793172, 119766261621, [0.13516891, 0.4919584, 0.8600618, 0.062419444, -0.8705319, 0.48813736, 0.98885447, -0.012296423, -0.14837669]
1431284793177, 119771174951, [0.13532507, 0.49169382, 0.8601885, 0.06250909, -0.870682, 0.48785806, 0.98882747, -0.012249827, -0.14856043]
1431284793182, 119776088281, [0.1355055, 0.49110973, 0.8604938, 0.062534645, -0.87101203, 0.48726523, 0.9888011, -0.012216434, -0.14873827]
1431284793187, 119781001611, [0.13567108, 0.49082875, 0.860628, 0.062646866, -0.87117136, 0.486966, 0.9887713, -0.012151569, -0.14894168]
1431284793192, 119786311670, [0.13590431, 0.4904328, 0.86081684, 0.06276631, -0.8713951, 0.4865501, 0.98873174, -0.012093946, -0.14920902]
1431284793196, 119790828271, [0.1360395, 0.49020317, 0.86092633, 0.06282422, -0.8715247, 0.48631054, 0.9887095, -0.012070432, -0.14935842]
1431284793202, 119795772119, [0.13617879, 0.48958105, 0.86125815, 0.06281209, -0.8718746, 0.48568434, 0.988691, -0.012042478, -0.1494824]
1431284793206, 119800685449, [0.13627535, 0.4894169, 0.86133623, 0.0628317, -0.8719667, 0.48551637, 0.98867655, -0.012044683, -0.14957842]
1431284793211, 119805598779, [0.13640386, 0.4891984, 0.86143994, 0.06285542, -0.8720892, 0.48529315, 0.98865724, -0.012049675, -0.14970505]
1431284793217, 119810542627, [0.13647383, 0.48907924, 0.8614966, 0.06280865, -0.87215555, 0.48518047, 0.9886506, -0.012105018, -0.14974494]
1431284793222, 119815822168, [0.13651133, 0.488554, 0.8617886, 0.06267761, -0.8724489, 0.4846691, 0.9886537, -0.012147933, -0.14972043]
1431284793227, 119820369287, [0.1365642, 0.4884639, 0.8618313, 0.06267181, -0.8724993, 0.48457938, 0.98864675, -0.012163654, -0.14976504]
1431284793231, 119825282617, [0.13663107, 0.48835018, 0.8618852, 0.06262848, -0.8725622, 0.48447165, 0.9886403, -0.012215346, -0.14980373]
1431284793236, 119830226464, [0.13666433, 0.48829353, 0.86191195, 0.062559426, -0.8725929, 0.4844252, 0.98864, -0.012282908, -0.14979964]
1431284793241, 119835137553, [0.1367296, 0.4877, 0.8622376, 0.062438294, -0.87292427, 0.48384348, 0.98863864, -0.012319058, -0.1498057]
1431284793246, 119840050883, [0.13680577, 0.4875703, 0.8622989, 0.062371314, -0.87299573, 0.48372328, 0.9886324, -0.012393415, -0.14984122]
1431284793251, 119845360941, [0.13679433, 0.48758966, 0.8622897, 0.062348917, -0.8729847, 0.4837461, 0.98863536, -0.012410864, -0.14982004]
1431284793255, 119849877543, [0.1368298, 0.48752928, 0.86231834, 0.062348485, -0.87301844, 0.4836855, 0.9886306, -0.012418345, -0.14985171]
1431284793261, 119854821390, [0.13683748, 0.48697937, 0.86262774, 0.06221515, -0.8733248, 0.4831491, 0.9886378, -0.012444392, -0.14980108]
1431284793265, 119859734721, [0.13683635, 0.48698133, 0.86262673, 0.062180087, -0.8733232, 0.48315638, 0.9886401, -0.012475133, -0.14978284]
1431284793270, 119864648051, [0.13687015, 0.48692375, 0.862654, 0.06216836, -0.87335515, 0.4831003, 0.98863626, -0.012492225, -0.14980748]
1431284793275, 119869591898, [0.13687432, 0.48691654, 0.8626574, 0.062180474, -0.8733594, 0.48309118, 0.98863494, -0.01248236, -0.1498172]
1431284793281, 119874871439, [0.13700938, 0.48481315, 0.8638197, 0.061789915, -0.87452793, 0.48102266, 0.98864067, -0.012529224, -0.14977504]
1431284793285, 119879418558, [0.13696188, 0.48489428, 0.86378175, 0.061754763, -0.87448263, 0.4811095, 0.9886494, -0.012550995, -0.14971524]
1431284793290, 119884331889, [0.13695425, 0.48490715, 0.8637758, 0.06169693, -0.874475, 0.4811312, 0.9886542, -0.01260066, -0.14968045]
1431284793295, 119889275736, [0.13690114, 0.48499796, 0.8637332, 0.061662346, -0.8744242, 0.48122767, 0.9886637, -0.012620807, -0.14961578]
1431284793300, 119894189066, [0.136904, 0.48385733, 0.86437225, 0.061423197, -0.87505573, 0.48010916, 0.9886781, -0.012636378, -0.14951876]
1431284793305, 119899102396, [0.13689685, 0.48386943, 0.8643666, 0.061371192, -0.8750483, 0.48012918, 0.9886823, -0.012680963, -0.14948693]
1431284793310, 119904412455, [0.1368804, 0.4838975, 0.8643536, 0.0613593, -0.87503284, 0.48015916, 0.9886854, -0.012688294, -0.14946656]
1431284793315, 119908929056, [0.13684869, 0.4839518, 0.8643281, 0.061355934, -0.87500274, 0.48021424, 0.98868996, -0.012685046, -0.14943634]
1431284793320, 119913872904, [0.13692236, 0.4831578, 0.8647606, 0.061259046, -0.8754416, 0.47942603, 0.9886858, -0.012669727, -0.1494653]
1431284793324, 119918786234, [0.13693833, 0.48313043, 0.86477333, 0.0612714, -0.8754568, 0.47939664, 0.9886828, -0.012661904, -0.14948562]
1431284793329, 119923730082, [0.13702619, 0.48297983, 0.86484355, 0.061302617, -0.8755401, 0.4792406, 0.98866874, -0.012651339, -0.14957982]
1431284793334, 119928643412, [0.13718742, 0.48270366, 0.8649721, 0.061327547, -0.8756923, 0.47895932, 0.98864484, -0.012660578, -0.14973703]
1431284793340, 119933922953, [0.13735461, 0.48208928, 0.8652882, 0.061304644, -0.8760307, 0.47834295, 0.98862296, -0.01265645, -0.14988114]
1431284793344, 119938470072, [0.1374988, 0.48184186, 0.8654031, 0.061347976, -0.876167, 0.47808778, 0.9886003, -0.012645766, -0.15003195]
1431284793349, 119943413920, [0.13758034, 0.48170203, 0.865468, 0.061371267, -0.87624395, 0.47794372, 0.9885875, -0.012640789, -0.15011664]
1431284793354, 119948357767, [0.13765848, 0.4815681, 0.8655301, 0.061433375, -0.87631804, 0.47779968, 0.9885728, -0.01260072, -0.1502169]
1431284793359, 119953240580, [0.13777429, 0.48110282, 0.8657704, 0.06143911, -0.87657416, 0.47732922, 0.9885563, -0.012571543, -0.150328]
1431284793364, 119958184428, [0.1378628, 0.48095077, 0.86584073, 0.061439678, -0.87665725, 0.47717637, 0.9885439, -0.012587875, -0.15040791]
1431284793369, 119963494486, [0.13795125, 0.48079866, 0.8659111, 0.061482772, -0.87674093, 0.47701693, 0.98852885, -0.012566447, -0.15050831]
1431284793374, 119968011088, [0.13804233, 0.48064217, 0.86598355, 0.061514705, -0.876827, 0.47685477, 0.98851424, -0.01255542, -0.15060583]
1431284793379, 119972924418, [0.13811713, 0.4802889, 0.86616755, 0.0614942, -0.87702054, 0.47650114, 0.988505, -0.012548685, -0.15066648]
1431284793384, 119977868265, [0.13812244, 0.48027968, 0.8661718, 0.061486617, -0.8770255, 0.47649306, 0.9885047, -0.012556389, -0.15066765]
1431284793388, 119982781596, [0.1381725, 0.48019364, 0.8662115, 0.06152162, -0.8770728, 0.4764012, 0.9884955, -0.012534782, -0.15072954]
1431284793394, 119987694926, [0.13813603, 0.48025614, 0.86618274, 0.061552405, -0.8770393, 0.47645938, 0.98849875, -0.012500599, -0.15071175]
1431284793399, 119993004984, [0.13812196, 0.47983032, 0.8664209, 0.061558142, -0.87727344, 0.47602713, 0.9885003, -0.012414515, -0.15070818]
1431284793403, 119997552103, [0.13810295, 0.479863, 0.86640584, 0.06160371, -0.8772561, 0.47605306, 0.9885001, -0.012370467, -0.15071288]
1431284793409, 120002465433, [0.13805318, 0.4799486, 0.8663663, 0.06165448, -0.8772101, 0.47613138, 0.9885039, -0.012316063, -0.15069255]
1431284793413, 120007378764, [0.13802207, 0.48000193, 0.8663418, 0.06170945, -0.8771819, 0.4761766, 0.9885049, -0.01226145, -0.15069124]
1431284793419, 120012322611, [0.1380018, 0.4795829, 0.8665771, 0.06170249, -0.877412, 0.47575313, 0.98850816, -0.012184858, -0.15067594]
1431284793423, 120017235941, [0.13801634, 0.479558, 0.8665885, 0.061786726, -0.8774265, 0.47571522, 0.98850083, -0.012112796, -0.15072943]
1431284793428, 120022546000, [0.13801026, 0.4795686, 0.86658365, 0.0618601, -0.87742174, 0.47571468, 0.9884971, -0.012046531, -0.15075937]
1431284793433, 120027062601, [0.13799435, 0.47959596, 0.86657095, 0.06198746, -0.8774082, 0.4757228, 0.9884913, -0.011930481, -0.1508062]
1431284793438, 120032006449, [0.13798481, 0.4790514, 0.8668737, 0.061987936, -0.8777072, 0.47517127, 0.98849267, -0.011830702, -0.15080573]
1431284793443, 120036919779, [0.13793766, 0.47913235, 0.8668365, 0.062091425, -0.87766445, 0.47523683, 0.9884928, -0.011729971, -0.1508131]
1431284793448, 120041833109, [0.13796157, 0.47909144, 0.8668552, 0.062224835, -0.8776881, 0.47517532, 0.988481, -0.0116160065, -0.15089858]
1431284793452, 120046776957, [0.13795984, 0.4790944, 0.8668539, 0.06233996, -0.87768793, 0.47516072, 0.98847395, -0.011513442, -0.15095246]
1431284793458, 120052056498, [0.1380341, 0.47847292, 0.8671852, 0.062449306, -0.8780289, 0.47451565, 0.98845667, -0.011344224, -0.15107816]
1431284793462, 120056664652, [0.13805455, 0.4784377, 0.86720145, 0.06256196, -0.87804943, 0.47446302, 0.9884467, -0.011247933, -0.1511507]
1431284793467, 120061547465, [0.13800484, 0.47852314, 0.8671622, 0.06263155, -0.87800395, 0.4745383, 0.98844934, -0.011176914, -0.15113956]
1431284793472, 120066460795, [0.13802344, 0.4784911, 0.867177, 0.06271264, -0.87802225, 0.47449368, 0.9884416, -0.011108324, -0.15119517]
1431284793477, 120071374125, [0.13802171, 0.47816542, 0.86735684, 0.06273863, -0.8782006, 0.47415993, 0.9884401, -0.011027604, -0.15121022]
1431284793482, 120076317972, [0.13798398, 0.47823033, 0.86732703, 0.06278804, -0.87816584, 0.47421768, 0.98844224, -0.010976672, -0.15119998]
1431284793487, 120081597514, [0.13794047, 0.4783051, 0.86729276, 0.062821984, -0.8781257, 0.4742877, 0.98844624, -0.010938451, -0.15117726]
1431284793492, 120086144633, [0.13786483, 0.47843534, 0.86723304, 0.06286402, -0.8780554, 0.47441226, 0.9884541, -0.010887042, -0.15112941]
1431284793497, 120091057963, [0.13777381, 0.4781313, 0.8674151, 0.06277077, -0.87822115, 0.47411773, 0.9884727, -0.010872722, -0.15100864]
1431284793502, 120095971293, [0.13772225, 0.47822016, 0.8673742, 0.062763155, -0.8781727, 0.47420824, 0.9884803, -0.010869876, -0.15095851]
1431284793506, 120100915140, [0.13763797, 0.478365, 0.86730784, 0.06274696, -0.878094, 0.4743564, 0.98849314, -0.010868549, -0.15087515]
1431284793511, 120105828471, [0.13756847, 0.47848463, 0.8672528, 0.06267612, -0.8780281, 0.4744876, 0.9885073, -0.010918528, -0.15077859]
1431284793517, 120111138529, [0.13756776, 0.47726792, 0.86792314, 0.06243314, -0.87869, 0.47329277, 0.98852277, -0.010922685, -0.15067676]
1431284793522, 120115655131, [0.13744044, 0.4774869, 0.86782277, 0.06241584, -0.87857103, 0.47351575, 0.9885415, -0.010914311, -0.15055394]
1431284793526, 120120598978, [0.13733894, 0.47766143, 0.8677428, 0.062381625, -0.878476, 0.47369647, 0.9885578, -0.010925755, -0.15044624]
1431284793531, 120125512308, [0.13727129, 0.47777766, 0.8676895, 0.062353656, -0.87841266, 0.47381765, 0.9885689, -0.010937944, -0.15037198]
1431284793536, 120130456156, [0.13714796, 0.47813743, 0.8675108, 0.06231053, -0.8782164, 0.47418702, 0.9885888, -0.010978714, -0.15023857]
1431284793541, 120135369486, [0.13706672, 0.47827715, 0.86744666, 0.062273428, -0.8781401, 0.4743332, 0.9886024, -0.010996401, -0.1501477]
1431284793546, 120140649027, [0.13708323, 0.47824878, 0.86745965, 0.062260523, -0.8781553, 0.47430658, 0.98860085, -0.01101096, -0.15015629]
1431284793551, 120145196146, [0.13704789, 0.47830942, 0.8674318, 0.06220886, -0.87812185, 0.47437546, 0.98860914, -0.0110501945, -0.15009984]
1431284793556, 120150139994, [0.1370349, 0.47821993, 0.8674832, 0.06216222, -0.8781704, 0.4742918, 0.9886138, -0.011069834, -0.15006721]
1431284793561, 120155053324, [0.13706255, 0.47817242, 0.8675051, 0.062130213, -0.8781959, 0.4742489, 0.98861206, -0.011103496, -0.15007678]
1431284793565, 120159966654, [0.137137, 0.47804463, 0.86756366, 0.0620445, -0.87826407, 0.47413337, 0.988607, -0.011193663, -0.15010242]
1431284793570, 120164879984, [0.13711655, 0.4780797, 0.8675476, 0.061911315, -0.8782436, 0.47418886, 0.9886182, -0.011308104, -0.15002029]
1431284793576, 120170190043, [0.13724786, 0.47734594, 0.8679307, 0.061702132, -0.87864107, 0.47347933, 0.98861307, -0.011430845, -0.15004489]
1431284793580, 120174737162, [0.13720864, 0.47741336, 0.8678999, 0.06157641, -0.87860304, 0.47356617, 0.98862636, -0.011535227, -0.14994928]
1431284793585, 120179650492, [0.13714474, 0.47752327, 0.8678496, 0.061488166, -0.8785426, 0.47369003, 0.9886408, -0.011601642, -0.14984956]
1431284793590, 120184563822, [0.13717675, 0.47746807, 0.8678748, 0.061378583, -0.87857115, 0.4736512, 0.9886431, -0.011705011, -0.1498259]
1431284793595, 120189507670, [0.13723534, 0.47658706, 0.8683497, 0.061104238, -0.8790476, 0.47280157, 0.988652, -0.011825219, -0.14975774]
1431284793600, 120194421000, [0.13717735, 0.4766869, 0.86830413, 0.061004996, -0.8789927, 0.47291696, 0.9886662, -0.011902615, -0.14965823]
1431284793606, 120199731058, [0.13709414, 0.47683012, 0.86823857, 0.06086141, -0.87891334, 0.47308266, 0.98868656, -0.012014627, -0.1495144]
1431284793610, 120204247660, [0.13716757, 0.4767035, 0.86829656, 0.060749322, -0.8789805, 0.47297233, 0.9886833, -0.012128055, -0.14952707]
1431284793615, 120209191508, [0.13728303, 0.47462353, 0.86941695, 0.06030777, -0.88010406, 0.470935, 0.9886942, -0.012218758, -0.14944682]
1431284793620, 120214104838, [0.13727415, 0.47463894, 0.86941, 0.06023176, -0.88009477, 0.47096193, 0.9887001, -0.012284771, -0.1494025]
1431284793625, 120219018168, [0.13731897, 0.47456154, 0.86944515, 0.060138136, -0.8801353, 0.47089833, 0.9886996, -0.012376457, -0.14939848]
1431284793630, 120223931498, [0.13743693, 0.47435814, 0.8695375, 0.060045198, -0.8802434, 0.47070795, 0.9886888, -0.012481123, -0.14946084]
1431284793635, 120229241556, [0.13755387, 0.47365534, 0.869902, 0.059880316, -0.8806207, 0.47002295, 0.9886826, -0.012563467, -0.14949544]
1431284793639, 120233788676, [0.1376993, 0.47340423, 0.8700157, 0.059788704, -0.88075405, 0.46978447, 0.9886679, -0.012671858, -0.14958335]
1431284793644, 120238732523, [0.13789022, 0.47307435, 0.8701649, 0.059727043, -0.88093, 0.4694623, 0.98864496, -0.012761891, -0.14972691]
1431284793649, 120243615336, [0.13811666, 0.4726829, 0.8703417, 0.059587076, -0.8811379, 0.4690902, 0.9886219, -0.012928098, -0.14986573]
1431284793655, 120248559183, [0.13830411, 0.4719975, 0.8706838, 0.05938478, -0.88150275, 0.46842945, 0.98860776, -0.013080344, -0.14994481]
1431284793659, 120253472514, [0.13844383, 0.47175545, 0.87079287, 0.059252635, -0.88163024, 0.46820635, 0.9885962, -0.013223514, -0.15000898]
1431284793664, 120258752055, [0.13859248, 0.47149795, 0.8709086, 0.059076115, -0.88176537, 0.46797448, 0.98858595, -0.013407886, -0.15006042]
1431284793669, 120263299174, [0.13868624, 0.47133565, 0.8709816, 0.058925793, -0.8818498, 0.46783426, 0.9885818, -0.013558924, -0.15007436]
1431284793674, 120268243021, [0.13874716, 0.47097254, 0.87116826, 0.05875504, -0.8820419, 0.46749339, 0.9885833, -0.013677865, -0.15005288]
1431284793679, 120273156351, [0.13881415, 0.47085637, 0.8712203, 0.058640063, -0.882102, 0.46739417, 0.98858076, -0.0137925, -0.15005927]
1431284793684, 120278069681, [0.13880557, 0.47087115, 0.87121373, 0.05852419, -0.8820926, 0.46742657, 0.98858887, -0.013894349, -0.14999671]
1431284793690, 120282983012, [0.1388331, 0.47082347, 0.8712352, 0.058468416, -0.88211733, 0.46738714, 0.9885884, -0.013949096, -0.14999548]
1431284793694, 120288293070, [0.13883197, 0.47071648, 0.87129307, 0.058395505, -0.8821734, 0.4672899, 0.98859274, -0.013995141, -0.1499615]
1431284793703, 120292840189, [0.13883984, 0.4707026, 0.8712994, 0.058397755, -0.882181, 0.4672756, 0.98859155, -0.013994575, -0.14996988]
1431284793703, 120297753519, [0.13887793, 0.4706367, 0.87132883, 0.058445543, -0.88221663, 0.4672022, 0.9885833, -0.013958752, -0.15002704]
1431284793708, 120302697367, [0.13885605, 0.4706747, 0.8713119, 0.058524147, -0.8821976, 0.4672284, 0.9885818, -0.013884708, -0.15004434]
1431284793715, 120307610697, [0.13887781, 0.47061074, 0.87134296, 0.058608904, -0.8822329, 0.46715105, 0.98857373, -0.013808474, -0.15010457]
1431284793719, 120312524027, [0.13895047, 0.47048494, 0.8713993, 0.05866167, -0.88230056, 0.46701676, 0.9885603, -0.01377444, -0.15019554]
1431284793723, 120317834086, [0.13898295, 0.47042853, 0.8714245, 0.05871646, -0.8823311, 0.46695176, 0.9885525, -0.01373136, -0.15025076]
1431284793728, 120322350687, [0.13900739, 0.4703861, 0.87144357, 0.0588243, -0.8823554, 0.46689272, 0.98854274, -0.013639465, -0.1503241]
1431284793733, 120327294535, [0.13912612, 0.46943325, 0.8719382, 0.058811948, -0.88286406, 0.46593148, 0.9885267, -0.013542831, -0.15043771]
1431284793738, 120332207865, [0.13920158, 0.46930218, 0.8719968, 0.058935896, -0.8829353, 0.4657809, 0.98850876, -0.013445526, -0.15056473]
1431284793743, 120337121195, [0.13928199, 0.4691627, 0.8720589, 0.059089974, -0.88301116, 0.4656173, 0.98848814, -0.013322175, -0.15071028]
1431284793748, 120342065043, [0.13936841, 0.46901256, 0.8721259, 0.05925335, -0.883093, 0.46544152, 0.9884662, -0.013191462, -0.15086582]
1431284793754, 120347344584, [0.13949633, 0.46810418, 0.8725934, 0.059381545, -0.88357794, 0.46450388, 0.9884405, -0.012980625, -0.15105262]
1431284793757, 120351891703, [0.1395641, 0.46798635, 0.8726458, 0.059574306, -0.8836427, 0.464356, 0.98841935, -0.012820169, -0.15120475]
1431284793763, 120356866068, [0.13959706, 0.46792915, 0.8726712, 0.05977884, -0.88367546, 0.4642672, 0.9884023, -0.012643069, -0.1513307]
1431284793767, 120361748881, [0.1396783, 0.46778804, 0.8727338, 0.060029194, -0.8837531, 0.464087, 0.9883756, -0.012433365, -0.15152203]
1431284793772, 120366662211, [0.13970757, 0.46705565, 0.8731214, 0.060118288, -0.8841433, 0.46333206, 0.9883661, -0.01224044, -0.15160018]
1431284793777, 120371575541, [0.13969398, 0.46698788, 0.87315977, 0.06032613, -0.88418186, 0.46323138, 0.9883554, -0.012036338, -0.15168652]
1431284793783, 120376885599, [0.13971126, 0.46682137, 0.87324595, 0.06056072, -0.8842727, 0.46302694, 0.9883386, -0.011805624, -0.15181378]
1431284793787, 120381402201, [0.1396944, 0.46669972, 0.87331367, 0.06076674, -0.88433987, 0.46287194, 0.98832834, -0.01159218, -0.15189718]
1431284793792, 120386346049, [0.1396864, 0.4663182, 0.87351876, 0.060936213, -0.8845439, 0.46245942, 0.988319, -0.011370361, -0.15197437]
1431284793797, 120391259379, [0.13965034, 0.46618563, 0.87359524, 0.061159715, -0.88461673, 0.4622904, 0.9883102, -0.011130139, -0.1520487]
1431284793802, 120396203226, [0.13955069, 0.46613747, 0.8736369, 0.061385408, -0.88464546, 0.46220577, 0.9883104, -0.010872543, -0.15206692]
1431284793807, 120401116556, [0.13947481, 0.46603924, 0.87370145, 0.061580673, -0.8846999, 0.4620754, 0.9883089, -0.010644704, -0.15209223]
1431284793812, 120406396097, [0.13938242, 0.46605575, 0.8737074, 0.061773255, -0.8846938, 0.46206152, 0.98831, -0.010431513, -0.15210053]
1431284793816, 120410943217, [0.13924348, 0.46614212, 0.8736834, 0.061901093, -0.8846502, 0.46212786, 0.9883215, -0.010266289, -0.1520364]
1431284793821, 120415887064, [0.13913834, 0.4661883, 0.8736755, 0.062042877, -0.8846279, 0.4621517, 0.98832744, -0.0100976825, -0.15200931]
1431284793826, 120420800394, [0.13901556, 0.46630526, 0.87363267, 0.06216903, -0.8845678, 0.46224946, 0.9883368, -0.009946927, -0.1519583]
1431284793832, 120425713724, [0.13894212, 0.46612954, 0.87373805, 0.062248096, -0.8846619, 0.46205866, 0.98834217, -0.00981085, -0.15193236]
1431284793837, 120430627055, [0.138856, 0.46626243, 0.8736809, 0.06239727, -0.88459367, 0.4621694, 0.98834485, -0.009659663, -0.15192461]
1431284793841, 120435937113, [0.13876551, 0.46644726, 0.8735966, 0.06252602, -0.8844976, 0.46233582, 0.9883494, -0.009533718, -0.1519028]
1431284793846, 120440484232, [0.13873959, 0.46656027, 0.87354046, 0.06266406, -0.88443935, 0.4624288, 0.9883444, -0.009417579, -0.15194336]
1431284793851, 120445397562, [0.13870782, 0.46643782, 0.87361085, 0.06277363, -0.8845053, 0.46228766, 0.9883418, -0.0092832, -0.1519678]
1431284793856, 120450310892, [0.13868433, 0.4666171, 0.8735188, 0.062953755, -0.8844122, 0.46244127, 0.9883337, -0.009142116, -0.15202948]
1431284793861, 120455254740, [0.13872665, 0.4667024, 0.8734666, 0.06312072, -0.8843685, 0.46250233, 0.98831713, -0.0090275705, -0.1521442]
1431284793866, 120460168070, [0.13881671, 0.4667013, 0.8734528, 0.063287884, -0.8843701, 0.46247628, 0.98829377, -0.008920461, -0.15230192]
1431284793873, 120465478129, [0.1389029, 0.4669193, 0.8733225, 0.06347567, -0.8842557, 0.46266887, 0.98826957, -0.008831292, -0.15246361]
1431284793876, 120469994730, [0.13897574, 0.4668864, 0.8733286, 0.06360215, -0.8842741, 0.46261668, 0.98825127, -0.008746907, -0.15258768]
1431284793881, 120474938578, [0.13903552, 0.4668377, 0.8733451, 0.06372638, -0.8843006, 0.46254867, 0.9882348, -0.008655563, -0.15269904]
1431284793885, 120479851908, [0.13914007, 0.46664506, 0.87343144, 0.063810095, -0.88440293, 0.46234164, 0.98821473, -0.00859651, -0.1528326]
1431284793891, 120484765238, [0.1391263, 0.46688148, 0.8733072, 0.06394097, -0.8842789, 0.46256065, 0.9882082, -0.00851424, -0.15287933]
1431284793895, 120489709086, [0.13914162, 0.4667267, 0.8733876, 0.06398192, -0.8843612, 0.4623977, 0.9882034, -0.008457765, -0.15291356]
1431284793901, 120494988627, [0.13915384, 0.46650654, 0.8735032, 0.06400244, -0.88447773, 0.46217173, 0.9882003, -0.008406654, -0.15293598]
1431284793905, 120499535746, [0.13917893, 0.46624392, 0.87363935, 0.0640292, -0.8846167, 0.4619019, 0.98819506, -0.008348584, -0.15297315]
1431284793910, 120504479594, [0.139108, 0.4660868, 0.8737345, 0.06406687, -0.8847003, 0.46173638, 0.9882026, -0.008253753, -0.15292948]
1431284793915, 120509392924, [0.13908392, 0.46586984, 0.8738541, 0.06409146, -0.88481545, 0.46151263, 0.9882044, -0.0081823915, -0.15292189]
1431284793920, 120514306254, [0.13904393, 0.4656753, 0.8739642, 0.06409691, -0.8849184, 0.4613145, 0.9882097, -0.008124605, -0.15289088]
1431284793925, 120519219584, [0.13898993, 0.4655193, 0.87405586, 0.06412496, -0.8850011, 0.46115178, 0.98821545, -0.008046642, -0.15285762]
1431284793930, 120524529642, [0.13893646, 0.46506912, 0.87430394, 0.06408103, -0.88523847, 0.4607023, 0.9882258, -0.007982075, -0.1527941]
1431284793936, 120529046244, [0.13882786, 0.46508604, 0.87431216, 0.064111605, -0.8852301, 0.4607138, 0.98823905, -0.0079063475, -0.15271197]
1431284793940, 120533990092, [0.13877416, 0.465038, 0.87434626, 0.06415336, -0.88525605, 0.4606583, 0.98824394, -0.007835224, -0.15268444]
1431284793944, 120538903422, [0.138713, 0.4650448, 0.8743523, 0.06414236, -0.8852525, 0.4606664, 0.9882532, -0.007817358, -0.15262496]
1431284793950, 120543816752, [0.13863236, 0.46490216, 0.874441, 0.0641052, -0.8853278, 0.4605271, 0.98826694, -0.007787764, -0.15253775]
1431284793954, 120548760599, [0.1386072, 0.46491426, 0.8744385, 0.06405318, -0.88532114, 0.46054715, 0.98827386, -0.007824615, -0.15249112]
1431284793960, 120554040140, [0.13861108, 0.4648784, 0.874457, 0.063975245, -0.8853394, 0.46052292, 0.9882784, -0.007889986, -0.15245855]
1431284793964, 120558587260, [0.13861293, 0.46483788, 0.87447834, 0.063916236, -0.8853604, 0.460491, 0.98828197, -0.007936671, -0.15243325]
1431284793969, 120563531107, [0.13874018, 0.46369743, 0.87506336, 0.06371923, -0.88595766, 0.45936775, 0.9882768, -0.007974386, -0.15246432]
1431284793974, 120568474955, [0.13878506, 0.46354717, 0.8751359, 0.06362474, -0.8860357, 0.4592306, 0.9882766, -0.008054063, -0.1524616]
1431284793979, 120573357767, [0.138803, 0.46342832, 0.875196, 0.063566625, -0.88609755, 0.45911938, 0.9882778, -0.0080938935, -0.15245165]
1431284793984, 120578301615, [0.13882649, 0.46329355, 0.8752636, 0.06352238, -0.8861676, 0.45898998, 0.9882773, -0.008121148, -0.152453]
1431284793989, 120583581156, [0.13888294, 0.4626839, 0.87557703, 0.06339368, -0.88648576, 0.458393, 0.9882776, -0.008156896, -0.15244892]
1431284793994, 120588128275, [0.13884366, 0.46263513, 0.8756091, 0.063319474, -0.88651097, 0.45835477, 0.988288, -0.0081965625, -0.15238026]
1431284793999, 120593041605, [0.13874304, 0.46268392, 0.8755992, 0.06327699, -0.88648546, 0.4584099, 0.9883048, -0.008195922, -0.152271]
1431284794004, 120597985453, [0.13874424, 0.46256137, 0.87566376, 0.06323421, -0.88654923, 0.4582924, 0.98830736, -0.00821349, -0.1522533]
1431284794009, 120602898783, [0.1387428, 0.46218276, 0.87586385, 0.06318681, -0.8867468, 0.45791638, 0.98831064, -0.008189574, -0.15223354]
1431284794013, 120607812113, [0.13872433, 0.46212834, 0.8758955, 0.06318885, -0.88677543, 0.4578608, 0.9883131, -0.008169591, -0.15221867]
1431284794019, 120613122172, [0.13868833, 0.46211463, 0.87590843, 0.06320542, -0.88678294, 0.45784408, 0.9883171, -0.008135468, -0.15219466]
1431284794024, 120617638773, [0.13865572, 0.4621268, 0.8759071, 0.0632596, -0.886777, 0.45784777, 0.98831815, -0.008073658, -0.15219057]
1431284794029, 120622582621, [0.13869214, 0.4614057, 0.87628144, 0.06317066, -0.8871528, 0.45713174, 0.98831874, -0.008045301, -0.15218842]
1431284794033, 120627495951, [0.13872677, 0.46134448, 0.8763082, 0.06324799, -0.88718516, 0.45705813, 0.9883089, -0.007981434, -0.15225542]
1431284794039, 120632439799, [0.13877541, 0.46125656, 0.8763468, 0.06333977, -0.8872316, 0.45695537, 0.9882963, -0.007906556, -0.15234181]
1431284794043, 120637353129, [0.13882065, 0.46115422, 0.8763935, 0.06341143, -0.8872852, 0.45684105, 0.98828524, -0.007845566, -0.15241583]
1431284794049, 120642663187, [0.13899559, 0.45967054, 0.877145, 0.06325787, -0.88805526, 0.45536402, 0.9882706, -0.0078072846, -0.1525136]
1431284794053, 120647179789, [0.1390199, 0.45956206, 0.87719786, 0.063297614, -0.8881116, 0.4552483, 0.98826456, -0.0077640265, -0.1525543]
1431284794058, 120652123637, [0.13897872, 0.4595362, 0.877218, 0.063330755, -0.8881256, 0.45521665, 0.98826826, -0.0077105463, -0.15253335]
1431284794063, 120657098002, [0.13894409, 0.45949417, 0.8772454, 0.063350305, -0.8881476, 0.4551708, 0.98827183, -0.0076694936, -0.15251191]
1431284794068, 120661950297, [0.13905686, 0.45698315, 0.8785383, 0.06296128, -0.8894425, 0.45268947, 0.98828083, -0.007635668, -0.1524553]
1431284794074, 120666863627, [0.13895589, 0.45706546, 0.8785115, 0.062986135, -0.8894008, 0.4527682, 0.98829347, -0.0075807422, -0.1523763]
1431284794078, 120672173685, [0.13887131, 0.45711988, 0.8784966, 0.06299372, -0.8893732, 0.45282143, 0.9883049, -0.007544175, -0.15230417]
1431284794082, 120676720805, [0.13879019, 0.45719966, 0.87846786, 0.063026816, -0.88933253, 0.45289654, 0.9883142, -0.0074905604, -0.15224645]
1431284794088, 120681634135, [0.13873333, 0.45670927, 0.8787319, 0.062947854, -0.88958484, 0.4524118, 0.9883272, -0.007450342, -0.15216397]
1431284794092, 120686577982, [0.13866675, 0.4568248, 0.8786823, 0.062968105, -0.8895257, 0.45252514, 0.9883352, -0.0074212253, -0.15211302]
1431284794097, 120691491312, [0.13862514, 0.45689666, 0.87865156, 0.06298041, -0.88948905, 0.45259568, 0.9883403, -0.007403314, -0.15208115]
1431284794103, 120696404642, [0.13853621, 0.45705074, 0.87858546, 0.06298189, -0.8894101, 0.45275077, 0.98835266, -0.0073874295, -0.15200156]
1431284794108, 120701684183, [0.138484, 0.45680916, 0.8787193, 0.06292379, -0.8895342, 0.45251474, 0.9883637, -0.0073736906, -0.15193042]
1431284794112, 120706231303, [0.13839853, 0.45695725, 0.87865573, 0.06291762, -0.8894582, 0.45266494, 0.9883761, -0.007365197, -0.15185037]
1431284794117, 120711175150, [0.13833702, 0.45706362, 0.87861013, 0.06292765, -0.8894037, 0.45277065, 0.988384, -0.0073460788, -0.15179944]
1431284794122, 120716088480, [0.138309, 0.45711222, 0.8785892, 0.06291708, -0.88937855, 0.45282125, 0.9883886, -0.0073509663, -0.15176916]
1431284794127, 120721001810, [0.13835335, 0.45678696, 0.87875146, 0.06292531, -0.88954616, 0.45249104, 0.9883819, -0.0073079616, -0.15181518]
1431284794131, 120725915140, [0.13830948, 0.45686305, 0.8787188, 0.062973306, -0.88950753, 0.45256037, 0.988385, -0.007257566, -0.15179756]
1431284794137, 120731225199, [0.13831139, 0.4568597, 0.87872016, 0.06301193, -0.88950944, 0.45255107, 0.9883822, -0.0072231144, -0.15181687]
1431284794142, 120735772318, [0.13832068, 0.45684373, 0.878727, 0.063014865, -0.8895176, 0.4525345, 0.98838073, -0.007221997, -0.15182659]
1431284794148, 120740685648, [0.13834506, 0.45646033, 0.8789224, 0.0629994, -0.8897148, 0.45214897, 0.98837835, -0.007180974, -0.15184438]
1431284794154, 120745598978, [0.13835979, 0.4564528, 0.878924, 0.06307207, -0.88971907, 0.45213026, 0.9883716, -0.007121071, -0.15189071]
1431284794157, 120750542826, [0.138322, 0.4565088, 0.8789009, 0.0631282, -0.88969094, 0.45217806, 0.9883734, -0.007062748, -0.15188247]
1431284794161, 120755456156, [0.13827008, 0.4565686, 0.878878, 0.06318949, -0.88966084, 0.45222884, 0.98837674, -0.006993875, -0.15186389]
1431284794167, 120760766215, [0.13827693, 0.4560524, 0.87914485, 0.06322071, -0.88992625, 0.45170152, 0.9883737, -0.006879732, -0.15188818]
1431284794171, 120765282816, [0.13813096, 0.45630473, 0.8790369, 0.063339695, -0.8897979, 0.45193768, 0.9883865, -0.0067486465, -0.15181082]
1431284794176, 120770226664, [0.13799834, 0.4565342, 0.87893856, 0.06344415, -0.8896811, 0.45215297, 0.9883983, -0.0066328645, -0.15173888]
1431284794181, 120775139994, [0.13783222, 0.45682132, 0.8788154, 0.063556805, -0.8895348, 0.45242518, 0.9884143, -0.006504059, -0.15164074]
1431284794186, 120780053324, [0.1377551, 0.4561871, 0.8791568, 0.06355682, -0.88986105, 0.4517827, 0.988425, -0.0063589364, -0.15157662]
1431284794191, 120784966654, [0.13764262, 0.45638156, 0.8790736, 0.06369628, -0.88976234, 0.4519574, 0.9884317, -0.006214872, -0.15153891]
1431284794196, 120790276713, [0.13750464, 0.4566198, 0.87897146, 0.06384991, -0.8896413, 0.4521742, 0.988441, -0.0060537905, -0.1514849]
1431284794200, 120794823832, [0.13744456, 0.4567237, 0.8789268, 0.06395553, -0.88958853, 0.45226276, 0.9884425, -0.005948797, -0.15147899]
1431284794206, 120799798197, [0.13737345, 0.4562478, 0.87918514, 0.06401338, -0.889834, 0.4517718, 0.9884487, -0.0057818443, -0.15144554]
1431284794210, 120804650492, [0.13724035, 0.45650312, 0.8790734, 0.06414291, -0.8897038, 0.45200962, 0.98845875, -0.0056475997, -0.15138462]
1431284794215, 120809594340, [0.13711143, 0.45675355, 0.8789634, 0.06428228, -0.8895762, 0.452241, 0.98846763, -0.0055056363, -0.15133217]
1431284794220, 120814507670, [0.13706046, 0.45688182, 0.87890464, 0.06443013, -0.88951117, 0.45234787, 0.988465, -0.005371034, -0.15135375]
1431284794226, 120819817728, [0.13697946, 0.45652452, 0.8791029, 0.06446728, -0.88969535, 0.45198014, 0.98847383, -0.0052386224, -0.15130085]
1431284794230, 120824334330, [0.1368882, 0.45670813, 0.87902176, 0.06459074, -0.8896018, 0.4521466, 0.9884784, -0.00511688, -0.15127508]
1431284794235, 120829278178, [0.13684857, 0.45680022, 0.8789801, 0.064692244, -0.88955516, 0.45222405, 0.9884773, -0.0050230324, -0.15128581]
1431284794240, 120834191508, [0.13681644, 0.45687735, 0.87894505, 0.06478207, -0.88951606, 0.4522882, 0.98847586, -0.0049405694, -0.15129794]
1431284794245, 120839135355, [0.13677382, 0.45649242, 0.87915164, 0.064783454, -0.8897142, 0.45189822, 0.9884817, -0.004853368, -0.15126285]
1431284794250, 120844018168, [0.13668627, 0.45668805, 0.87906367, 0.064838305, -0.8896139, 0.45208734, 0.98849016, -0.004797101, -0.15120886]
1431284794255, 120849328226, [0.13664258, 0.45676306, 0.8790315, 0.064878315, -0.8895757, 0.45215696, 0.9884936, -0.004753813, -0.15118799]
1431284794260, 120853875346, [0.13668782, 0.45668527, 0.8790649, 0.06492177, -0.8896159, 0.4520718, 0.9884846, -0.0047222674, -0.15124853]
1431284794265, 120858788676, [0.13679802, 0.45622107, 0.87928873, 0.064962596, -0.8898542, 0.45159632, 0.98846656, -0.004656598, -0.15136753]
1431284794270, 120863732523, [0.13691121, 0.45602587, 0.8793723, 0.065008014, -0.8899543, 0.45139232, 0.98844784, -0.00463441, -0.15148994]
1431284794275, 120868645853, [0.13712603, 0.45565563, 0.8795307, 0.065072775, -0.8901441, 0.4510087, 0.9884139, -0.004611492, -0.15171263]
1431284794279, 120873559183, [0.13741058, 0.45516467, 0.8797406, 0.065145314, -0.89039546, 0.450502, 0.9883696, -0.0045927763, -0.15200162]
1431284794285, 120878869242, [0.13764423, 0.45488524, 0.8798485, 0.06523578, -0.8905383, 0.45020637, 0.9883311, -0.004570693, -0.1522522]
1431284794289, 120883416361, [0.13783407, 0.45455775, 0.8799881, 0.06529167, -0.8907056, 0.44986716, 0.9883009, -0.0045511127, -0.1524484]
1431284794295, 120888329691, [0.138044, 0.45419538, 0.8801423, 0.06533991, -0.8908906, 0.4494939, 0.98826844, -0.004541546, -0.15265927]
1431284794299, 120893273539, [0.13817078, 0.4539767, 0.88023525, 0.06539422, -0.89100224, 0.44926473, 0.9882472, -0.0045129657, -0.15279804]
1431284794305, 120898186869, [0.13819504, 0.4545629, 0.8799288, 0.065532014, -0.8907034, 0.4498369, 0.98823464, -0.004501745, -0.1528793]
1431284794309, 120903100199, [0.13827258, 0.45442912, 0.87998575, 0.06552985, -0.8907715, 0.4497022, 0.98822397, -0.0045161545, -0.15294799]
1431284794314, 120908410258, [0.13837105, 0.45425934, 0.8800578, 0.065537676, -0.8908579, 0.4495296, 0.9882096, -0.0045249015, -0.15303995]
1431284794319, 120912926859, [0.13839996, 0.45420945, 0.88007903, 0.06554498, -0.89088345, 0.44947806, 0.9882051, -0.0045229793, -0.15306938]
1431284794324, 120917870707, [0.13841075, 0.45411068, 0.8801283, 0.065539464, -0.89093375, 0.44937903, 0.98820394, -0.0045157373, -0.15307695]
1431284794328, 120922784037, [0.13841063, 0.45411083, 0.8801283, 0.065514356, -0.89093363, 0.44938305, 0.9882056, -0.0045383573, -0.15306547]
