1428589798983
3.97
1428589798176, 320675311004, [-0.0064532757, 0.9997138, 0.023039103, 0.13734701, -0.021935165, 0.99028015, 0.990502, 0.009554833, -0.1371662]
1428589798181, 320680224334, [-0.0060201883, 0.9996903, 0.024143428, 0.13695976, -0.023092031, 0.99030733, 0.99055827, 0.009268552, -0.13677835]
1428589798186, 320685137664, [-0.0056884587, 0.9996687, 0.025101095, 0.13664576, -0.024089009, 0.99032706, 0.9906037, 0.009063363, -0.13646352]
1428589798191, 320690112029, [-0.005290419, 0.99964094, 0.026265651, 0.13637757, -0.02529928, 0.9903338, 0.9906428, 0.008821338, -0.13619477]
1428589798196, 320695422088, [-0.0047070384, 0.9995935, 0.02812016, 0.13612607, -0.027218223, 0.9903176, 0.99068034, 0.008489341, -0.13594264]
1428589798200, 320699969207, [-0.0041362047, 0.9995509, 0.029679209, 0.13595504, -0.028841734, 0.99029505, 0.9907063, 0.008131146, -0.13577461]
1428589798206, 320704882537, [-0.0035841763, 0.99950624, 0.03121373, 0.13587078, -0.030437678, 0.9902589, 0.99072003, 0.007790327, -0.13569456]
1428589798210, 320709795867, [-0.0030339956, 0.9994601, 0.032714456, 0.1356591, -0.03200078, 0.99023867, 0.9907509, 0.0074424446, -0.13548875]
1428589798216, 320714739715, [-0.0023589432, 0.9993905, 0.034826726, 0.13554749, -0.034185797, 0.99018085, 0.99076796, 0.0070564747, -0.1353842]
1428589798220, 320719683562, [-0.0017251968, 0.99933505, 0.036420166, 0.1353384, -0.035851777, 0.9901506, 0.99079794, 0.006637275, -0.1351865]
1428589798226, 320724993621, [-0.0011947453, 0.9992854, 0.037780344, 0.13508111, -0.03727284, 0.9901333, 0.9908338, 0.006286353, -0.13494003]
1428589798230, 320729540740, [-4.7263503E-4, 0.99921983, 0.039491236, 0.13458663, -0.03906843, 0.9901314, 0.99090177, 0.005782932, -0.13446319]
1428589798237, 320734484588, [4.492104E-4, 0.9991227, 0.041876614, 0.13410002, -0.041558594, 0.990096, 0.9909677, 0.0051709414, -0.13400102]
1428589798241, 320739397918, [0.0013098121, 0.9990392, 0.043806255, 0.13334462, -0.043589592, 0.9901107, 0.9910689, 0.004544437, -0.13327366]
1428589798245, 320744341765, [0.0022253394, 0.99894774, 0.045809805, 0.13258556, -0.045700252, 0.99011743, 0.99116904, 0.003870368, -0.13254774]
1428589798250, 320749255095, [0.0029886365, 0.9988687, 0.04745817, 0.13167942, -0.047438204, 0.99015665, 0.9912878, 0.0032900274, -0.13167226]
1428589798256, 320754565154, [0.00378415, 0.9987756, 0.04932636, 0.13081717, -0.04939726, 0.9901751, 0.99139935, 0.002705723, -0.13084388]
1428589798260, 320759112273, [0.00438565, 0.9987116, 0.050557077, 0.13014653, -0.050697565, 0.9901978, 0.99148506, 0.002237171, -0.13020116]
1428589798265, 320764056121, [0.004961133, 0.9986492, 0.05172223, 0.12949687, -0.051928937, 0.9902191, 0.99156743, 0.0017852485, -0.1295796]
1428589798270, 320768969451, [0.0053658485, 0.9986056, 0.052515805, 0.12888393, -0.052769125, 0.99025464, 0.99164516, 0.00145486, -0.12898737]
1428589798275, 320773913299, [0.0057504773, 0.9985536, 0.05345708, 0.12838727, -0.05375272, 0.99026626, 0.9917074, 0.0011687875, -0.1285106]
1428589798280, 320778826629, [0.006031424, 0.9985213, 0.05402568, 0.127918, -0.054353207, 0.9902942, 0.99176645, 9.379685E-4, -0.12805665]
1428589798285, 320784136687, [0.0062194467, 0.9984989, 0.054417044, 0.12766233, -0.05476564, 0.99030447, 0.99179816, 7.87884E-4, -0.12781131]
1428589798289, 320788683806, [0.006338179, 0.99848235, 0.054706514, 0.12747738, -0.055068076, 0.9903116, 0.9918212, 6.970465E-4, -0.12763298]
1428589798295, 320793627654, [0.0065829456, 0.9984367, 0.055505693, 0.12737858, -0.05589202, 0.9902781, 0.9918323, 5.5125356E-4, -0.12754738]
1428589798299, 320798571502, [0.006767839, 0.9984051, 0.05604875, 0.12729487, -0.05645427, 0.990257, 0.9918419, 4.3278933E-4, -0.12747401]
1428589798304, 320803484832, [0.007036954, 0.9983585, 0.056839556, 0.12722597, -0.05727288, 0.9902188, 0.9918487, 2.6339293E-4, -0.12742007]
1428589798310, 320808428679, [0.007281989, 0.9983107, 0.05764246, 0.12711427, -0.05810049, 0.990185, 0.99186134, 1.1667609E-4, -0.12732267]
1428589798315, 320813738738, [0.007452816, 0.9982663, 0.0583843, 0.1270917, -0.058858007, 0.99014306, 0.9918629, 4.0858984E-5, -0.12730998]
1428589798319, 320818285857, [0.007666379, 0.99822056, 0.059134692, 0.12697324, -0.05962953, 0.9901122, 0.9918765, -8.2075596E-5, -0.12720442]
1428589798324, 320823229705, [0.007876873, 0.99817324, 0.059901327, 0.12675416, -0.0604167, 0.9900925, 0.9919028, -2.0611286E-4, -0.12699854]
1428589798330, 320828143035, [0.008064479, 0.9981291, 0.060607225, 0.12648007, -0.061140627, 0.9900832, 0.99193645, -3.1897426E-4, -0.12673658]
1428589798334, 320833086883, [0.00804171, 0.998119, 0.060776174, 0.12609836, -0.061305195, 0.99012166, 0.99198514, -2.9850006E-4, -0.12635422]
1428589798339, 320838000213, [0.00802213, 0.9981009, 0.061074346, 0.12577817, -0.06159836, 0.99014413, 0.99202585, -2.6118755E-4, -0.12603343]
1428589798344, 320843371306, [0.007974386, 0.99808323, 0.061370105, 0.12552235, -0.061885774, 0.99015874, 0.99205875, -1.9264221E-4, -0.12577528]
1428589798348, 320847857390, [0.007906377, 0.99807173, 0.061564624, 0.12524551, -0.06207007, 0.99018216, 0.9920942, -1.18047E-4, -0.12549472]
1428589798354, 320852801238, [0.007814348, 0.9980625, 0.061727792, 0.12514424, -0.062220514, 0.9901857, 0.99210787, -1.2874603E-5, -0.12538803]
1428589798360, 320857714568, [0.007691473, 0.9980531, 0.061894894, 0.12517226, -0.062370867, 0.9901726, 0.99210525, 1.3160706E-4, -0.12540835]
1428589798363, 320862658416, [0.0074827075, 0.99805367, 0.061909914, 0.1252403, -0.06235951, 0.9901647, 0.9920982, 3.4445524E-4, -0.12546313]
1428589798368, 320867602263, [0.0073052943, 0.9980491, 0.0620057, 0.12530798, -0.06243226, 0.9901516, 0.992091, 5.364418E-4, -0.12551963]
1428589798374, 320872912322, [0.0070286393, 0.9980569, 0.061911732, 0.12539327, -0.06230426, 0.99014884, 0.99208224, 8.0394745E-4, -0.12558752]
1428589798378, 320877459441, [0.00680089, 0.99806, 0.061887473, 0.12547192, -0.062251568, 0.9901422, 0.9920739, 0.00103122, -0.12565196]
1428589798383, 320882403289, [0.0066045225, 0.99805576, 0.061976165, 0.12563974, -0.06231454, 0.9901169, 0.99205387, 0.0012474656, -0.12580693]
1428589798388, 320887316619, [0.0063862503, 0.99805546, 0.06200376, 0.12582633, -0.062314242, 0.99009323, 0.9920318, 0.0014787018, -0.1259796]
1428589798393, 320892260466, [0.0061689615, 0.9980682, 0.061819673, 0.12595174, -0.062104046, 0.9900905, 0.99201715, 0.0016784966, -0.12609154]
1428589798398, 320897173797, [0.00604856, 0.99805635, 0.062024355, 0.12614578, -0.062291622, 0.9900541, 0.9919933, 0.0018356442, -0.12627745]
1428589798403, 320902483855, [0.0059486628, 0.9980397, 0.062299103, 0.12621245, -0.06255126, 0.9900291, 0.9919853, 0.0019736588, -0.12633705]
1428589798408, 320907030974, [0.005872071, 0.99802494, 0.06254336, 0.12629655, -0.06278378, 0.9900037, 0.99197507, 0.0020856857, -0.12641573]
1428589798413, 320911974822, [0.005799085, 0.9979979, 0.06298107, 0.12634411, -0.06320861, 0.9899706, 0.9919695, 0.002216339, -0.12645775]
1428589798418, 320916918670, [0.0057314932, 0.9979793, 0.063281894, 0.12638164, -0.06349841, 0.9899473, 0.9919652, 0.0023237467, -0.12649018]
1428589798422, 320921862517, [0.00556767, 0.99797237, 0.063405186, 0.1264266, -0.063599885, 0.98993504, 0.9919604, 0.002504468, -0.12652439]
1428589798427, 320926775847, [0.005470991, 0.9979546, 0.063691646, 0.12651381, -0.0638715, 0.98990643, 0.9919498, 0.002642125, -0.12660444]
1428589798433, 320932085906, [0.005423069, 0.99788433, 0.06478837, 0.12662321, -0.06495309, 0.98982203, 0.9919361, 0.0028357804, -0.12670755]
1428589798438, 320936663543, [0.0053772926, 0.99786115, 0.0651474, 0.12667608, -0.06530315, 0.9897922, 0.99192953, 0.0029302537, -0.12675625]
1428589798442, 320941546355, [0.005366862, 0.9978334, 0.06557092, 0.1268625, -0.06572139, 0.9897406, 0.9919057, 0.0030067563, -0.12694031]
1428589798447, 320946490203, [0.0053912997, 0.99780357, 0.066022545, 0.12709701, -0.066171765, 0.9896806, 0.99187565, 0.003055632, -0.12717456]
1428589798452, 320951403533, [0.0055820346, 0.997697, 0.06759989, 0.12722948, -0.06776023, 0.9895561, 0.99185765, 0.0030768812, -0.12731475]
1428589798458, 320956347381, [0.0056119263, 0.997673, 0.06794906, 0.1272164, -0.06811032, 0.9895337, 0.9918591, 0.0030910373, -0.12730265]
1428589798462, 320961657439, [0.0056911707, 0.9976436, 0.068372905, 0.12719592, -0.06854087, 0.9895066, 0.9918613, 0.0030653179, -0.12728626]
1428589798467, 320966204558, [0.005740583, 0.99762285, 0.068671346, 0.12715104, -0.068843186, 0.98949134, 0.9918667, 0.0030514598, -0.12724388]
1428589798472, 320971148406, [0.0058606267, 0.99754643, 0.06976089, 0.12712666, -0.069939256, 0.9894176, 0.9918691, 0.0030698776, -0.12722462]
1428589798477, 320976061736, [0.0059129596, 0.99752825, 0.07001844, 0.12719959, -0.07020122, 0.9893898, 0.99185956, 0.0030560493, -0.12730026]
1428589798482, 320981005584, [0.005943805, 0.99751484, 0.07020536, 0.12732935, -0.070390135, 0.9893596, 0.99184275, 0.0030586421, -0.12743133]
1428589798487, 320985918914, [0.005980402, 0.99750197, 0.07038528, 0.12741554, -0.07057294, 0.98933554, 0.99183136, 0.0030515492, -0.12751925]
1428589798493, 320991228972, [0.006140828, 0.99741876, 0.07154077, 0.12750733, -0.07173908, 0.9892398, 0.9918186, 0.0030472577, -0.12761867]
1428589798496, 320995775619, [0.0061579347, 0.99741316, 0.071617514, 0.12764493, -0.07181698, 0.9892163, 0.9918008, 0.0030501187, -0.12775695]
1428589798501, 321000719467, [0.0061704814, 0.9974096, 0.07166603, 0.12775111, -0.07186636, 0.98919904, 0.9917871, 0.0030516088, -0.12786359]
1428589798506, 321005632797, [0.006230563, 0.99739903, 0.071808636, 0.12796146, -0.0720149, 0.98916113, 0.9917596, 0.0030256808, -0.12807733]
1428589798512, 321010576645, [0.006331414, 0.9973412, 0.07259688, 0.12808627, -0.07280907, 0.98908675, 0.99174273, 0.0030363798, -0.12820667]
1428589798516, 321015520493, [0.0063245893, 0.99733615, 0.0726676, 0.12817523, -0.07287818, 0.98907024, 0.9917314, 0.003058672, -0.12829483]
1428589798523, 321020800034, [0.0063088536, 0.997329, 0.072767705, 0.1282629, -0.07297516, 0.9890517, 0.9917201, 0.0030936003, -0.12838072]
1428589798526, 321025347153, [0.006219834, 0.9973303, 0.072755724, 0.12834844, -0.072951525, 0.9890423, 0.9917096, 0.0031864345, -0.12845951]
1428589798531, 321030291000, [0.0061543286, 0.99730694, 0.073081434, 0.12839207, -0.073266, 0.98901343, 0.9917044, 0.0032963753, -0.12849724]
1428589798536, 321035234848, [0.0060659647, 0.997298, 0.07321024, 0.12841913, -0.07338226, 0.9890013, 0.99170136, 0.003402412, -0.12851727]
1428589798541, 321040148178, [0.0059860647, 0.99728394, 0.073409855, 0.12845242, -0.07356992, 0.9889831, 0.9916976, 0.0035095215, -0.12854397]
1428589798546, 321045092026, [0.0059330165, 0.99726105, 0.07372326, 0.12849665, -0.07387361, 0.9889546, 0.9916921, 0.003605783, -0.1285829]
1428589798551, 321050402084, [0.0058255196, 0.99724114, 0.07400149, 0.12856567, -0.07413548, 0.9889261, 0.9916839, 0.0037530065, -0.12864286]
1428589798556, 321054949203, [0.0057408214, 0.997221, 0.07427913, 0.12861478, -0.07439977, 0.9888999, 0.99167806, 0.0038762093, -0.12868452]
1428589798560, 321059862534, [0.005660087, 0.99719584, 0.07462129, 0.1286771, -0.07472834, 0.9888669, 0.99167037, 0.004004985, -0.12873924]
1428589798566, 321064806381, [0.005470246, 0.997188, 0.07474184, 0.12876931, -0.07482311, 0.98884785, 0.9916595, 0.0042152107, -0.12881643]
1428589798571, 321069719711, [0.005229473, 0.99719036, 0.07472673, 0.12881508, -0.07477695, 0.98884535, 0.9916549, 0.0044547915, -0.1288442]
1428589798575, 321074663559, [0.004989326, 0.99718934, 0.07475695, 0.12891525, -0.07477552, 0.9888325, 0.9916431, 0.004703611, -0.12892604]
1428589798581, 321079973618, [0.0046729445, 0.9971965, 0.0746817, 0.1289764, -0.074659824, 0.9888332, 0.9916367, 0.0050113797, -0.12896377]
1428589798585, 321084520737, [0.0043829083, 0.99720454, 0.07459164, 0.12910771, -0.07453239, 0.9888257, 0.9916209, 0.0052963793, -0.12907356]
1428589798590, 321089464584, [0.0041321814, 0.997196, 0.07471898, 0.12919706, -0.0746257, 0.98880684, 0.9916103, 0.0055675805, -0.12914312]
1428589798595, 321094377914, [0.0038866103, 0.9971932, 0.07476923, 0.12931931, -0.074643105, 0.98878956, 0.99159527, 0.0058261156, -0.12924635]
1428589798600, 321099321762, [0.0036132038, 0.9971955, 0.07475349, 0.12950757, -0.07459107, 0.9887689, 0.9915718, 0.006108582, -0.12941384]
1428589798605, 321104235092, [0.0033624768, 0.9971961, 0.07475746, 0.12968373, -0.07456136, 0.9887481, 0.99154973, 0.0063702166, -0.12957078]
1428589798611, 321109545151, [0.00336954, 0.9970534, 0.07663724, 0.12992087, -0.07642457, 0.9885746, 0.9915186, 0.0066257417, -0.12979549]
1428589798615, 321114092270, [0.003133744, 0.9970576, 0.07659146, 0.13012677, -0.07634714, 0.9885535, 0.9914924, 0.00686875, -0.12998319]
1428589798620, 321119036118, [0.0028964877, 0.997061, 0.076556355, 0.1303967, -0.07627964, 0.98852324, 0.9914577, 0.007119447, -0.13023442]
1428589798625, 321123949448, [0.0026857853, 0.99706423, 0.07652241, 0.13061711, -0.07621688, 0.988499, 0.99142927, 0.007340193, -0.13043839]
1428589798630, 321128893295, [0.0026599169, 0.99699926, 0.07736465, 0.13082394, -0.07704693, 0.98840725, 0.99140203, 0.007492095, -0.13063627]
1428589798635, 321133837143, [0.0025446415, 0.9969957, 0.07741514, 0.13102865, -0.07708037, 0.9883775, 0.9913753, 0.00762856, -0.13083112]
1428589798640, 321139147202, [0.0025291145, 0.9969777, 0.0776476, 0.131174, -0.07730767, 0.9883405, 0.99135613, 0.0076857507, -0.13097304]
1428589798646, 321143663803, [0.0024980009, 0.99696934, 0.077755004, 0.13119003, -0.07740995, 0.98833036, 0.9913541, 0.007731825, -0.1309858]
1428589798650, 321148607651, [0.002487719, 0.99693596, 0.078183085, 0.13116243, -0.077833235, 0.9883008, 0.9913578, 0.0077959895, -0.13095427]
1428589798654, 321153551498, [0.0024611652, 0.9969319, 0.07823548, 0.1311157, -0.07788196, 0.9883031, 0.991364, 0.007825553, -0.13090503]
1428589798659, 321158495346, [0.0024324358, 0.9969319, 0.07823506, 0.13101003, -0.077878624, 0.9883174, 0.99137807, 0.007845551, -0.1307975]
1428589798664, 321163408676, [0.0023851693, 0.9969381, 0.078159094, 0.13084295, -0.077798575, 0.98834586, 0.99140024, 0.007869184, -0.13062787]
1428589798670, 321168718735, [0.0024295151, 0.99689907, 0.07865429, 0.13061911, -0.07829711, 0.98833615, 0.9914297, 0.007872522, -0.13040435]
1428589798674, 321173265854, [0.0024226904, 0.99690557, 0.078571856, 0.13044417, -0.07821584, 0.98836565, 0.99145275, 0.00785467, -0.13023007]
1428589798679, 321178209702, [0.0022524, 0.9969467, 0.07805309, 0.13021937, -0.077681124, 0.9884374, 0.9914826, 0.00793764, -0.12999678]
1428589798684, 321183153549, [0.0020919144, 0.9969903, 0.07749802, 0.13003239, -0.07711139, 0.9885067, 0.9915076, 0.008009315, -0.1298024]
1428589798689, 321188066879, [0.0021594763, 0.99693334, 0.078225076, 0.1298736, -0.077842355, 0.9884702, 0.9915282, 0.008024782, -0.12964344]
1428589798693, 321193010727, [0.0022404492, 0.99694216, 0.07811141, 0.1298292, -0.07774052, 0.98848414, 0.9915339, 0.007926494, -0.12960637]
1428589798699, 321198290268, [0.0023179352, 0.99696004, 0.0778802, 0.12975863, -0.07752183, 0.9885105, 0.9915429, 0.007814378, -0.12954384]
1428589798703, 321202837387, [0.0024451315, 0.9969703, 0.077744365, 0.12976205, -0.077403575, 0.9885193, 0.9915421, 0.007671237, -0.12955815]
1428589798709, 321207781235, [0.0028464794, 0.99688053, 0.07887399, 0.12972644, -0.07857591, 0.98843145, 0.9915457, 0.007418543, -0.12954539]
1428589798713, 321212725082, [0.0030869246, 0.99688137, 0.07885432, 0.12973711, -0.07858747, 0.98842925, 0.99154365, 0.0071790814, -0.12957507]
1428589798718, 321217638412, [0.0033666492, 0.99687624, 0.07890779, 0.12972477, -0.07867688, 0.9884237, 0.9915443, 0.006908655, -0.12958443]
1428589798723, 321222582260, [0.003584981, 0.99688053, 0.0788447, 0.12959793, -0.07864344, 0.988443, 0.9915602, 0.006674558, -0.1294756]
1428589798729, 321227892319, [0.0037259161, 0.9969356, 0.078137636, 0.1295943, -0.07796064, 0.9884976, 0.9915601, 0.006443113, -0.1294877]
1428589798733, 321232439438, [0.0039182305, 0.9969363, 0.0781191, 0.12959328, -0.07796711, 0.98849714, 0.99155945, 0.00625059, -0.1295017]
1428589798738, 321237444321, [0.0040985644, 0.9969391, 0.078074634, 0.12969118, -0.07794586, 0.98848605, 0.991546, 0.00607419, -0.1296137]
1428589798743, 321242296616, [0.004250735, 0.996943, 0.078017235, 0.12992167, -0.077907294, 0.9884589, 0.99151516, 0.0059343874, -0.12985569]
1428589798748, 321247240463, [0.0042870045, 0.99700594, 0.077207, 0.13007537, -0.07710767, 0.9885013, 0.9914949, 0.0058050156, -0.13001645]
1428589798753, 321252184311, [0.004423797, 0.99700576, 0.077201426, 0.13025707, -0.07711899, 0.9884765, 0.9914704, 0.0056831837, -0.1302082]
1428589798758, 321257463852, [0.004621774, 0.9969934, 0.07734853, 0.13042131, -0.07728961, 0.98844147, 0.99144787, 0.005519569, -0.13038641]
1428589798763, 321262041489, [0.0048440397, 0.9969698, 0.077637345, 0.13051733, -0.07760444, 0.98840415, 0.9914342, 0.0053451657, -0.13049781]
1428589798768, 321266985336, [0.0051026046, 0.99691653, 0.07830438, 0.13065219, -0.0782989, 0.9883317, 0.99141514, 0.0051875412, -0.13064891]
1428589798773, 321271898666, [0.0053302646, 0.99688464, 0.078692704, 0.13071722, -0.07871318, 0.9882901, 0.99140537, 0.0050186813, -0.1307295]
1428589798777, 321276842514, [0.0055912137, 0.99684584, 0.07916516, 0.13083759, -0.07921511, 0.98823404, 0.991388, 0.004832357, -0.13086784]
1428589798782, 321281755844, [0.005814314, 0.996812, 0.079574585, 0.13083398, -0.07965028, 0.9881996, 0.99138725, 0.004665345, -0.13088]
1428589798788, 321287065903, [0.00618726, 0.9967018, 0.08091536, 0.13081807, -0.08102828, 0.98808956, 0.9913871, 0.00447163, -0.13088799]
1428589798792, 321291613022, [0.0064515173, 0.99665874, 0.081422955, 0.13073069, -0.08156648, 0.9880569, 0.9913969, 0.004270047, -0.1308201]
1428589798797, 321296556869, [0.0067302883, 0.996613, 0.08195776, 0.13066849, -0.08213332, 0.9880181, 0.9914033, 0.0040596724, -0.13077867]
1428589798802, 321301470200, [0.0070306957, 0.9965631, 0.08253926, 0.13064447, -0.08274928, 0.98797, 0.99140435, 0.003837198, -0.13077724]
1428589798807, 321306414047, [0.0073768497, 0.9965023, 0.08323905, 0.13059092, -0.083488405, 0.9879148, 0.9914088, 0.0035826266, -0.13074994]
1428589798812, 321311357895, [0.007724881, 0.9964432, 0.083911926, 0.13056439, -0.0842011, 0.9878578, 0.9914098, 0.0033248365, -0.13075042]
1428589798817, 321316667953, [0.008013219, 0.99639416, 0.08446506, 0.13048136, -0.0847874, 0.9878186, 0.99141836, 0.0031055808, -0.13069022]
1428589798822, 321321215073, [0.008233905, 0.99635386, 0.08491948, 0.13030246, -0.085267365, 0.987801, 0.9914402, 0.002931714, -0.13052946]
1428589798827, 321326158920, [0.008264303, 0.99639416, 0.0844419, 0.13019562, -0.0847981, 0.98785543, 0.9914539, 0.0028300881, -0.13042688]
1428589798832, 321331072250, [0.008404136, 0.99635863, 0.0848462, 0.1300981, -0.085217476, 0.9878322, 0.9914655, 0.0027364492, -0.13034058]
1428589798836, 321336016098, [0.008500874, 0.99632585, 0.08522102, 0.13005283, -0.08560181, 0.98780495, 0.9914706, 0.0026860237, -0.13030273]
1428589798842, 321340929428, [0.008518845, 0.9963022, 0.08549544, 0.13002557, -0.085876375, 0.98778474, 0.99147403, 0.0027017593, -0.13027638]
1428589798847, 321346239487, [0.008401811, 0.99632895, 0.08519456, 0.13009468, -0.08556259, 0.98780286, 0.9914659, 0.0027840137, -0.13033599]
1428589798851, 321350786606, [0.008392751, 0.9963021, 0.085508734, 0.13004878, -0.08587307, 0.987782, 0.9914721, 0.0028300583, -0.1302886]
1428589798856, 321355730453, [0.008352995, 0.99627453, 0.0858331, 0.13006872, -0.08618939, 0.9877518, 0.99146986, 0.002913475, -0.1303041]
1428589798861, 321360643784, [0.00834921, 0.99623555, 0.08628473, 0.13017792, -0.086636335, 0.9876983, 0.99145544, 0.0029858649, -0.13041121]
1428589798866, 321365587631, [0.008258492, 0.996235, 0.08629984, 0.13015285, -0.08663955, 0.9877013, 0.99145955, 0.003075242, -0.1303783]
1428589798871, 321370500961, [0.008167177, 0.9962038, 0.086668104, 0.13023487, -0.08699241, 0.98765945, 0.9914495, 0.0032208264, -0.1304509]
1428589798876, 321375811020, [0.008070141, 0.99616563, 0.087114364, 0.13039228, -0.087421685, 0.9876008, 0.9914297, 0.0033889413, -0.13059777]
1428589798881, 321380388657, [0.008024454, 0.99612296, 0.08760476, 0.13045904, -0.08790165, 0.98754936, 0.9914212, 0.0035042763, -0.13065857]
1428589798886, 321385301987, [0.007973194, 0.9960768, 0.08813304, 0.13063562, -0.08841801, 0.9874799, 0.9913984, 0.0036399662, -0.13082802]
1428589798891, 321390245834, [0.007831275, 0.9960424, 0.08853379, 0.13075802, -0.08879632, 0.98742974, 0.99138343, 0.0038436651, -0.1309359]
1428589798896, 321395189682, [0.007670641, 0.99600685, 0.08894557, 0.1308802, -0.08918297, 0.9873787, 0.9913685, 0.0040674508, -0.13104165]
1428589798901, 321400103012, [0.0075104535, 0.9959677, 0.08939767, 0.13097411, -0.08960983, 0.98732764, 0.9913573, 0.0042935014, -0.13111901]
1428589798906, 321405413071, [0.00735116, 0.9958892, 0.09028089, 0.13106155, -0.090464056, 0.98723817, 0.99134696, 0.004575044, -0.13118774]
1428589798910, 321409960190, [0.0071389973, 0.9958601, 0.09061912, 0.13113427, -0.09077123, 0.9872003, 0.99133897, 0.0048356056, -0.13123947]
1428589798915, 321414904037, [0.0068919957, 0.99582696, 0.09100035, 0.1312637, -0.09111598, 0.9871513, 0.9913236, 0.005141616, -0.1313439]
1428589798920, 321419817368, [0.0065877736, 0.99580157, 0.09130049, 0.13142371, -0.0913727, 0.98710626, 0.9913044, 0.005496204, -0.1314739]
1428589798926, 321424761215, [0.0063230097, 0.9957322, 0.092072815, 0.13159287, -0.09210244, 0.98701596, 0.99128366, 0.0058752596, -0.13161355]
1428589798930, 321429674545, [0.0059203804, 0.99572223, 0.09220785, 0.13180643, -0.09218201, 0.9869801, 0.99125785, 0.006310314, -0.13178831]
1428589798936, 321435015121, [0.005497545, 0.99570763, 0.092390686, 0.13202855, -0.09230599, 0.9869387, 0.9912307, 0.0067724884, -0.13196927]
1428589798940, 321439531723, [0.0051905513, 0.99568725, 0.09262812, 0.132141, -0.09250003, 0.9869056, 0.9912174, 0.007117361, -0.13205123]
1428589798946, 321444475571, [0.004963666, 0.99558973, 0.09368271, 0.13227344, -0.09351429, 0.9867922, 0.99120086, 0.007493645, -0.13215423]
1428589798950, 321449419418, [0.00461787, 0.99558175, 0.09378514, 0.13241878, -0.09356898, 0.98676753, 0.99118304, 0.0078621805, -0.1322658]
1428589798956, 321454332748, [0.0042863786, 0.9955802, 0.09381813, 0.13250938, -0.09355721, 0.9867565, 0.9911725, 0.008202136, -0.13232476]
1428589798960, 321459276596, [0.0039947033, 0.9955802, 0.09383008, 0.13253546, -0.09353018, 0.9867555, 0.99117017, 0.008494049, -0.13232327]
1428589798966, 321464586655, [0.003691256, 0.9956087, 0.09354073, 0.13257495, -0.09320295, 0.98678124, 0.9911662, 0.0087586045, -0.13233691]
1428589798970, 321469133774, [0.0034925342, 0.9956132, 0.09349987, 0.13263401, -0.093135655, 0.9867797, 0.99115896, 0.008954853, -0.1323775]
1428589798975, 321474077621, [0.0033224225, 0.99561954, 0.09343827, 0.13268149, -0.09305155, 0.9867811, 0.9911531, 0.009119064, -0.1324094]
1428589798980, 321478990952, [0.003233701, 0.99562, 0.09343648, 0.13272321, -0.093037695, 0.9867768, 0.9911479, 0.009210259, -0.13244271]
1428589798985, 321483934799, [0.0030544996, 0.99569, 0.09269327, 0.13281128, -0.092276454, 0.98683643, 0.9911366, 0.009296447, -0.13252068]
1428589798990, 321488848129, [0.0029248297, 0.99571615, 0.092416435, 0.1329264, -0.091983825, 0.98684835, 0.99112165, 0.009398252, -0.132626]
1428589798995, 321494158188, [0.0027718246, 0.99575174, 0.092036396, 0.1330707, -0.09158549, 0.9868659, 0.9911027, 0.009511948, -0.13275927]
1428589798999, 321498705307, [0.002628088, 0.995787, 0.091658086, 0.13317123, -0.09119046, 0.9868889, 0.99108946, 0.00961265, -0.13284981]
1428589799005, 321503649155, [0.0023308396, 0.99588954, 0.0905447, 0.13334998, -0.09004575, 0.9869698, 0.9910662, 0.009773761, -0.1330117]
1428589799009, 321508562485, [0.002143979, 0.99593043, 0.09009981, 0.13358033, -0.089577734, 0.9869813, 0.9910357, 0.009919494, -0.13322872]
1428589799016, 321513506332, [0.0019968152, 0.9959618, 0.089755744, 0.13381532, -0.0892148, 0.98698235, 0.9910042, 0.010039866, -0.13345307]
1428589799019, 321518450180, [0.0018410683, 0.9959923, 0.08942011, 0.13404915, -0.08885902, 0.9869827, 0.990973, 0.0101695955, -0.13367552]
1428589799027, 321523760239, [0.0016772151, 0.9960278, 0.089027286, 0.13429701, -0.088445306, 0.9869863, 0.99093974, 0.010300666, -0.13391191]
1428589799033, 321528276840, [0.0015326738, 0.9960452, 0.08883461, 0.13450307, -0.088232756, 0.9869771, 0.99091196, 0.010435879, -0.13410628]
1428589799034, 321533220688, [0.0014053881, 0.99605286, 0.08875111, 0.13463393, -0.08813164, 0.98696834, 0.99089444, 0.010561883, -0.13422632]
1428589799039, 321538225571, [0.0011745393, 0.99607325, 0.088525325, 0.13467559, -0.08787653, 0.98698545, 0.9908891, 0.01076293, -0.13424999]
1428589799045, 321543108383, [0.001201272, 0.9959606, 0.0897837, 0.13476312, -0.08912599, 0.98686147, 0.99087715, 0.010914028, -0.13432586]
1428589799049, 321548021713, [0.0010683239, 0.9959521, 0.08987847, 0.13481769, -0.08920142, 0.98684716, 0.9908699, 0.01106292, -0.13436729]
1428589799054, 321553331772, [8.958578E-4, 0.99594235, 0.089989096, 0.13483465, -0.08928764, 0.986837, 0.99086773, 0.011249602, -0.13436747]
1428589799059, 321557878891, [8.341074E-4, 0.9959147, 0.090295315, 0.13481891, -0.08958298, 0.9868124, 0.9908699, 0.011350393, -0.13434285]
1428589799064, 321562822739, [8.3616376E-4, 0.9958391, 0.09112489, 0.13480091, -0.090405434, 0.9867399, 0.9908724, 0.011458695, -0.13431561]
1428589799069, 321567766586, [7.3862076E-4, 0.99581516, 0.09138721, 0.13476631, -0.090652704, 0.986722, 0.9908772, 0.011587054, -0.13426936]
1428589799073, 321572679916, [7.123053E-4, 0.99578, 0.09176946, 0.13466516, -0.09102902, 0.986701, 0.99089086, 0.01165536, -0.13416171]
1428589799078, 321577623764, [6.519854E-4, 0.9957558, 0.09203309, 0.13458124, -0.09128323, 0.9866891, 0.99090236, 0.011742562, -0.13406962]
1428589799084, 321582933823, [6.324947E-4, 0.9957137, 0.0924862, 0.13442898, -0.0917314, 0.9866682, 0.990923, 0.011808783, -0.13391083]
1428589799088, 321587480942, [6.2066317E-4, 0.995693, 0.09270921, 0.13429612, -0.09195238, 0.9866657, 0.99094105, 0.011838138, -0.13377476]
1428589799093, 321592424789, [6.683767E-4, 0.9956641, 0.093019426, 0.13418579, -0.09226754, 0.98665136, 0.990956, 0.0118224025, -0.13366568]
1428589799098, 321597338119, [7.8496337E-4, 0.9956274, 0.09341061, 0.13405386, -0.09267232, 0.98663133, 0.9909737, 0.011747539, -0.13354045]
1428589799104, 321602281967, [9.4506145E-4, 0.99558496, 0.093859166, 0.1338222, -0.09314081, 0.98661864, 0.9910048, 0.011628121, -0.13331932]
1428589799108, 321607225815, [0.0011008382, 0.9955518, 0.0942094, 0.13362256, -0.093511045, 0.9866107, 0.99103165, 0.011502385, -0.13313115]
1428589799113, 321612505356, [0.0012443066, 0.9955249, 0.09449157, 0.13337037, -0.093812704, 0.98661625, 0.9910655, 0.011374712, -0.13289022]
1428589799118, 321617052475, [0.0012749732, 0.99552226, 0.09451944, 0.13305715, -0.09384796, 0.9866551, 0.9911075, 0.011318535, -0.132581]
1428589799123, 321621996323, [0.0013014376, 0.99552536, 0.09448615, 0.13274983, -0.09382197, 0.986699, 0.9911487, 0.01125896, -0.13227785]
1428589799128, 321626940170, [0.0013395846, 0.9955283, 0.094454676, 0.13250726, -0.09379861, 0.98673385, 0.99118114, 0.01119411, -0.13204038]
1428589799133, 321631853500, [0.0013254285, 0.99554193, 0.094311, 0.13234866, -0.09365612, 0.9867687, 0.99120235, 0.011174053, -0.13188279]
1428589799138, 321636797348, [0.0013227463, 0.9955543, 0.09418073, 0.13216317, -0.09352875, 0.9868057, 0.99122715, 0.011141896, -0.13169932]
1428589799143, 321642107407, [0.0013304055, 0.9955753, 0.093957156, 0.13214517, -0.09330824, 0.9868288, 0.9912294, 0.011103123, -0.1316846]
1428589799147, 321646654526, [0.0014086366, 0.995573, 0.093981236, 0.13222867, -0.09334153, 0.98681456, 0.9912182, 0.0110369325, -0.13177478]
1428589799152, 321651567856, [0.0015107095, 0.9955688, 0.09402397, 0.13243538, -0.093395084, 0.98678184, 0.99119055, 0.010961324, -0.13198966]
1428589799157, 321656481186, [0.0017482638, 0.995541, 0.09431365, 0.13265848, -0.09371114, 0.9867218, 0.9911603, 0.010786414, -0.13223082]
1428589799163, 321661425034, [0.0019227862, 0.99558496, 0.09384513, 0.13290128, -0.09326726, 0.9867313, 0.9911275, 0.010574847, -0.13249385]
1428589799167, 321666368881, [0.0022266507, 0.9955511, 0.09419629, 0.13315496, -0.093652904, 0.9866605, 0.9910927, 0.010345757, -0.13277113]
1428589799172, 321671678940, [0.0025509596, 0.99551874, 0.094530225, 0.13340396, -0.09402436, 0.9865915, 0.99105847, 0.010093927, -0.13304597]
1428589799177, 321676195541, [0.0028853118, 0.9954821, 0.09490532, 0.13363278, -0.094438225, 0.98652095, 0.9910267, 0.009836078, -0.1333015]
1428589799182, 321681139389, [0.0032819211, 0.9954162, 0.095581025, 0.13392001, -0.09515807, 0.9864129, 0.9909867, 0.00956285, -0.13361853]
1428589799187, 321686083237, [0.0036478043, 0.9953843, 0.09590021, 0.13414806, -0.09552115, 0.98634684, 0.99095464, 0.0092668235, -0.13387734]
1428589799192, 321691027084, [0.0040382743, 0.995352, 0.09621909, 0.13434437, -0.0958876, 0.9862845, 0.9909265, 0.008943647, -0.13410711]
1428589799197, 321695940414, [0.004434973, 0.9953228, 0.09650314, 0.13449192, -0.096221, 0.9862319, 0.9909048, 0.008604974, -0.13428956]
1428589799203, 321701250473, [0.0049251914, 0.9952655, 0.097069114, 0.13459551, -0.09684676, 0.9861566, 0.99088836, 0.008208036, -0.1344353]
1428589799207, 321705797592, [0.0053557456, 0.99522984, 0.09741035, 0.1346322, -0.097242504, 0.9861126, 0.9908812, 0.007833242, -0.13451082]
1428589799212, 321710741440, [0.00568524, 0.9952204, 0.09748855, 0.13460222, -0.097364575, 0.98610467, 0.99088347, 0.0075159073, -0.13451248]
1428589799217, 321715685287, [0.0059765875, 0.9952164, 0.09751177, 0.13450772, -0.0974274, 0.9861114, 0.99089456, 0.0072225034, -0.13444656]
1428589799223, 321720598618, [0.006203294, 0.99521315, 0.09753132, 0.13442004, -0.09747791, 0.9861183, 0.99090505, 0.006992966, -0.1343813]
1428589799227, 321725542465, [0.006406516, 0.99521816, 0.09746724, 0.13437036, -0.09744212, 0.9861287, 0.9909105, 0.006779045, -0.13435215]
1428589799232, 321730852524, [0.0066212416, 0.99521804, 0.097453594, 0.13433766, -0.09745759, 0.98613155, 0.9909135, 0.006562263, -0.13434058]
1428589799238, 321735430161, [0.0068314373, 0.9952096, 0.09752527, 0.13424757, -0.097557396, 0.98613393, 0.99092424, 0.006355852, -0.1342709]
1428589799242, 321740343491, [0.007166147, 0.9951813, 0.097789735, 0.13420582, -0.09786469, 0.9861092, 0.9909276, 0.006057322, -0.13426048]
1428589799246, 321745287338, [0.007487625, 0.99514914, 0.0980922, 0.13419044, -0.09820762, 0.9860772, 0.9909272, 0.005779654, -0.13427484]
1428589799251, 321750231186, [0.0078365505, 0.99511075, 0.09845501, 0.13411012, -0.098614484, 0.9860475, 0.9909355, 0.005476564, -0.13422728]
1428589799256, 321755144516, [0.008226931, 0.9950667, 0.09886673, 0.13406712, -0.09907508, 0.9860072, 0.9909382, 0.0051428974, -0.1342209]
1428589799262, 321760454575, [0.008693904, 0.99504244, 0.099069804, 0.13403809, -0.09933904, 0.9859845, 0.99093795, 0.0047071576, -0.13423717]
1428589799266, 321765001694, [0.009232104, 0.9949745, 0.09970185, 0.13400877, -0.100037694, 0.98591787, 0.9909371, 0.004258871, -0.1342588]
1428589799271, 321769945541, [0.009799421, 0.9949116, 0.10027447, 0.13391739, -0.10068172, 0.9858648, 0.99094415, 0.00376755, -0.13422263]
1428589799276, 321774858871, [0.0104800165, 0.99483144, 0.100998074, 0.13384414, -0.10149035, 0.9857918, 0.990947, 0.0031869113, -0.13421601]
1428589799281, 321779802719, [0.011203021, 0.9947294, 0.10192144, 0.13373446, -0.102502674, 0.985702, 0.9909539, 0.0025875568, -0.13417798]
1428589799286, 321784746567, [0.011869401, 0.9946604, 0.102517575, 0.13349071, -0.10318324, 0.98566395, 0.99097896, 0.0019859076, -0.13400263]
1428589799291, 321790056625, [0.012586713, 0.9945855, 0.10315645, 0.13317013, -0.10391301, 0.9856307, 0.9910133, 0.0013315082, -0.13375705]
1428589799295, 321794573227, [0.013246179, 0.99450964, 0.10380289, 0.13278753, -0.10464209, 0.9856051, 0.99105597, 7.2821975E-4, -0.1334446]
1428589799301, 321799517075, [0.013856888, 0.99442387, 0.10454312, 0.132296, -0.105457306, 0.9855844, 0.9911134, 1.7350912E-4, -0.13301957]
1428589799305, 321804460922, [0.014306217, 0.99439466, 0.10476044, 0.1317983, -0.10573241, 0.9856216, 0.9911734, -2.9328465E-4, -0.13257217]
1428589799310, 321809404770, [0.014656484, 0.9943814, 0.104836375, 0.13131365, -0.10585368, 0.9856732, 0.9912325, -6.799996E-4, -0.13212723]
1428589799316, 321814318100, [0.014932215, 0.9943755, 0.10485342, 0.13086599, -0.105906606, 0.9857271, 0.9912876, -9.973347E-4, -0.1317113]
1428589799321, 321819628159, [0.015196145, 0.9943488, 0.10506922, 0.13047189, -0.10615486, 0.98575264, 0.9913356, -0.0012711287, -0.13134778]
1428589799325, 321824175278, [0.015370399, 0.994346, 0.10506967, 0.13013136, -0.1061776, 0.98579514, 0.9913776, -0.0014791787, -0.13102752]
1428589799330, 321829119125, [0.015510023, 0.994346, 0.105049044, 0.12983191, -0.106175005, 0.9858349, 0.99141467, -0.0016515255, -0.13074458]
1428589799335, 321834062973, [0.015623838, 0.9943454, 0.10503852, 0.12958422, -0.10617903, 0.9858671, 0.9914453, -0.001791656, -0.13051039]
1428589799340, 321839067856, [0.015719444, 0.9943304, 0.10516578, 0.12941873, -0.10631731, 0.9858739, 0.9914654, -0.0018869638, -0.13035625]
1428589799344, 321843920151, [0.015816092, 0.9943244, 0.10520834, 0.12925237, -0.10637182, 0.98588985, 0.99148554, -0.001994431, -0.13020116]
1428589799350, 321849230209, [0.01600787, 0.9942975, 0.10543403, 0.12917188, -0.1066204, 0.9858736, 0.991493, -0.0021626651, -0.13014203]
1428589799354, 321853746811, [0.016182661, 0.99427414, 0.1056273, 0.12913099, -0.10683471, 0.98585576, 0.9914955, -0.0023140311, -0.13012046]
1428589799360, 321858690659, [0.01653558, 0.9942037, 0.106233686, 0.12910509, -0.10748184, 0.98578876, 0.991493, -0.0025852323, -0.13013405]
1428589799364, 321863634506, [0.016922206, 0.9941417, 0.10675198, 0.12914577, -0.108046144, 0.9857218, 0.99148124, -0.0028940737, -0.13021761]
1428589799369, 321868547836, [0.017375708, 0.9940715, 0.1073308, 0.12919113, -0.108679235, 0.98564625, 0.9914675, -0.0032601058, -0.13031358]
1428589799374, 321873491684, [0.017910063, 0.9939902, 0.107994854, 0.12924507, -0.109407544, 0.9855586, 0.99145097, -0.0036936104, -0.13042778]
1428589799380, 321878801743, [0.018442363, 0.99393785, 0.108385116, 0.12928471, -0.109864146, 0.9855026, 0.991436, -0.0041624606, -0.13052714]
1428589799384, 321883348862, [0.01897803, 0.99386144, 0.10899249, 0.12925875, -0.11053625, 0.98543084, 0.9914293, -0.00461331, -0.13056308]
1428589799389, 321888292709, [0.019533604, 0.99378836, 0.10955891, 0.12932053, -0.11117068, 0.9853513, 0.9914104, -0.0050792396, -0.13068879]
1428589799394, 321893236557, [0.02007106, 0.9937207, 0.1100741, 0.12930769, -0.111751646, 0.9852873, 0.9914014, -0.005542338, -0.13073865]
1428589799399, 321898149887, [0.020520777, 0.99368554, 0.11030805, 0.12922877, -0.11204192, 0.98526466, 0.9914024, -0.005963385, -0.13071185]
1428589799404, 321903093735, [0.020927817, 0.99363816, 0.11065817, 0.1291227, -0.11244175, 0.98523307, 0.99140775, -0.006330341, -0.13065442]
1428589799409, 321908403793, [0.021342844, 0.9935791, 0.11110836, 0.12900573, -0.11294147, 0.9851912, 0.9914141, -0.0066931546, -0.13058785]
1428589799413, 321912920395, [0.02167049, 0.9935202, 0.11157039, 0.12893552, -0.113441974, 0.98514295, 0.9914162, -0.0069631636, -0.1305584]
1428589799419, 321917864243, [0.021869302, 0.99348176, 0.111874014, 0.12885407, -0.11376834, 0.9851159, 0.9914224, -0.007128328, -0.13050213]
1428589799423, 321922808090, [0.02201891, 0.9934216, 0.11237723, 0.12877268, -0.1142863, 0.9850666, 0.9914296, -0.0072190166, -0.130442]
1428589799428, 321927721420, [0.022030115, 0.9933647, 0.1128771, 0.12867275, -0.11478275, 0.98502195, 0.9914423, -0.0071759224, -0.13034767]
1428589799433, 321932665268, [0.021778613, 0.99333394, 0.113196045, 0.12860039, -0.115065664, 0.98499835, 0.99145734, -0.0068948567, -0.13024911]
1428589799439, 321937975327, [0.02128014, 0.9932592, 0.11394459, 0.12854066, -0.115742594, 0.9849268, 0.9914759, -0.006312877, -0.1301372]
1428589799443, 321942522446, [0.020495802, 0.99327993, 0.11390829, 0.12856701, -0.11560479, 0.9849397, 0.99148905, -0.005542308, -0.13007244]
1428589799448, 321947466293, [0.019345373, 0.9933151, 0.11380151, 0.12863466, -0.11534956, 0.9849607, 0.99150336, -0.0044155717, -0.1300062]
1428589799453, 321952410141, [0.017708033, 0.99340165, 0.11331153, 0.12886369, -0.11465159, 0.9850122, 0.9915042, -0.0028408468, -0.13004366]
1428589799458, 321957323471, [0.015809745, 0.99337626, 0.113814056, 0.12913275, -0.11490354, 0.9849477, 0.9915013, -8.7466836E-4, -0.13009399]
1428589799463, 321962267319, [0.013307363, 0.9935147, 0.112921566, 0.129502, -0.11369279, 0.9850396, 0.99148977, 0.0015153587, -0.13017505]
1428589799468, 321967577377, [0.010185897, 0.9936699, 0.111876965, 0.1299296, -0.11224955, 0.9851489, 0.99147093, 0.004501432, -0.13025057]
1428589799473, 321972124496, [0.007082492, 0.9938191, 0.110785335, 0.13034105, -0.11076042, 0.9852631, 0.9914439, 0.007461816, -0.13031983]
1428589799478, 321977037827, [0.0036715865, 0.99380344, 0.11109078, 0.13095742, -0.11061257, 0.9851979, 0.99138117, 0.010930926, -0.13055205]
1428589799487, 321981981674, [-3.6492944E-4, 0.99394107, 0.10991439, 0.13166037, -0.108909875, 0.985294, 0.99129486, 0.014830917, -0.1308229]
1428589799488, 321986895004, [-0.005033314, 0.9941387, 0.10799414, 0.13227367, -0.106384575, 0.98548764, 0.9912004, 0.019245088, -0.13096285]
1428589799492, 321991838852, [-0.010048479, 0.99430525, 0.10609493, 0.13301027, -0.10382846, 0.9856612, 0.9910637, 0.024016082, -0.13120955]
1428589799498, 321997148911, [-0.015320122, 0.99426246, 0.10586548, 0.13405034, -0.10287976, 0.9856198, 0.9908562, 0.029291064, -0.1317051]
1428589799503, 322001696030, [-0.020052284, 0.9942702, 0.10499853, 0.13488832, -0.10136905, 0.98566186, 0.99065787, 0.033927888, -0.13208276]
1428589799507, 322006639877, [-0.025185257, 0.9942194, 0.10437167, 0.13579574, -0.100034565, 0.9856736, 0.99041665, 0.03899771, -0.13249129]
1428589799512, 322011553207, [-0.030221522, 0.9941187, 0.1039933, 0.13668334, -0.09895325, 0.9856602, 0.9901537, 0.044002324, -0.13288897]
1428589799517, 322016497055, [-0.035183907, 0.99393904, 0.10415065, 0.13779616, -0.09839505, 0.98556113, 0.9898355, 0.049027443, -0.13349909]
1428589799522, 322021440903, [-0.04015273, 0.9937737, 0.10393041, 0.13907942, -0.09744316, 0.9854754, 0.98946685, 0.05402413, -0.13430083]
1428589799527, 322026750961, [-0.04560274, 0.9935924, 0.103414714, 0.14055327, -0.09611076, 0.9853971, 0.9890223, 0.059472114, -0.13526964]
1428589799532, 322031267563, [-0.050369143, 0.99344134, 0.10265067, 0.141934, -0.094617605, 0.9853437, 0.9885938, 0.06420055, -0.13623726]
1428589799537, 322036211411, [-0.055384636, 0.99317694, 0.102625966, 0.14366269, -0.09378749, 0.9851725, 0.9880756, 0.06930697, -0.13748807]
1428589799543, 322041155258, [-0.060379982, 0.9929614, 0.101891845, 0.14549497, -0.09223288, 0.98505044, 0.98751473, 0.07430208, -0.13890189]
1428589799547, 322046099106, [-0.06517166, 0.9927324, 0.10116786, 0.14753184, -0.09068352, 0.9848913, 0.9869078, 0.07911244, -0.14054966]
1428589799552, 322051012436, [-0.06952238, 0.9924868, 0.10068107, 0.14970082, -0.08940297, 0.9846811, 0.98628414, 0.08352938, -0.14236063]
1428589799558, 322056322494, [-0.07343376, 0.992154, 0.101181805, 0.15228614, -0.08911049, 0.984311, 0.9856046, 0.087690234, -0.14454758]
1428589799561, 322060869614, [-0.076211214, 0.99190664, 0.10155395, 0.15456453, -0.08886659, 0.983978, 0.985039, 0.09068674, -0.146541]
1428589799566, 322065813461, [-0.07837516, 0.99164414, 0.10246557, 0.15715364, -0.08920705, 0.98353684, 0.9844592, 0.09318778, -0.14884883]
