1431284860750
3.97
1431284859995, 186588797428, [0.08517146, 0.3764076, 0.92253083, 0.01281938, -0.9262325, 0.37673444, 0.9962838, -0.020260721, -0.08371383]
1431284860000, 186593680240, [0.085181355, 0.3762952, 0.92257583, 0.013062343, -0.92628336, 0.37660137, 0.99627984, -0.020028412, -0.083817385]
1431284860005, 186598624088, [0.08515334, 0.3762626, 0.9225916, 0.013173774, -0.92629904, 0.37655872, 0.9962807, -0.0199112, -0.08383422]
1431284860009, 186603537418, [0.08520949, 0.37605947, 0.92266935, 0.013411298, -0.92638624, 0.37633586, 0.99627286, -0.019693196, -0.08398034]
1431284860015, 186608450748, [0.0850867, 0.3761038, 0.92266256, 0.013548195, -0.9263719, 0.37636638, 0.99628145, -0.019523337, -0.08391747]
1431284860020, 186613760807, [0.08517814, 0.37582707, 0.92276686, 0.013841093, -0.92648965, 0.37606567, 0.99626964, -0.019260466, -0.084118545]
1431284860024, 186618307926, [0.085199416, 0.37571326, 0.92281127, 0.014025658, -0.92653936, 0.3759362, 0.9962652, -0.019086495, -0.08421019]
1431284860029, 186623251774, [0.08528799, 0.37546682, 0.92290336, 0.014369279, -0.9266456, 0.37566137, 0.9962527, -0.018777952, -0.084426895]
1431284860035, 186628165104, [0.08542901, 0.37503743, 0.9230649, 0.01456289, -0.9268228, 0.37521648, 0.9962378, -0.018611863, -0.08463915]
1431284860039, 186633108951, [0.08551079, 0.37481403, 0.92314804, 0.014759257, -0.92691654, 0.374977, 0.99622786, -0.018439576, -0.08479331]
1431284860045, 186638022281, [0.085475445, 0.37483108, 0.9231444, 0.015020072, -0.9269148, 0.37497124, 0.9962271, -0.018185139, -0.084858514]
1431284860049, 186643332340, [0.08555049, 0.37461782, 0.923224, 0.015130892, -0.9270027, 0.374749, 0.9962189, -0.01809074, -0.08497378]
1431284860055, 186647879459, [0.085704744, 0.37425548, 0.9233567, 0.015216455, -0.92715025, 0.3743807, 0.99620444, -0.018035993, -0.08515603]
1431284860059, 186652792789, [0.08582312, 0.37383127, 0.9235175, 0.015296981, -0.9273227, 0.37395, 0.996193, -0.017966524, -0.08530417]
1431284860064, 186657736637, [0.08582312, 0.37357676, 0.92362046, 0.015402406, -0.9274275, 0.37368542, 0.99619126, -0.01784484, -0.08534859]
1431284860069, 186662649967, [0.08585948, 0.37324393, 0.92375165, 0.015494853, -0.92756367, 0.37334394, 0.9961868, -0.017741725, -0.085423544]
1431284860074, 186667563297, [0.085852146, 0.3730304, 0.92383856, 0.015600175, -0.9276517, 0.37312037, 0.9961857, -0.01762113, -0.08546014]
1431284860079, 186672873356, [0.08584517, 0.37274933, 0.9239527, 0.01571761, -0.92776734, 0.37282792, 0.99618447, -0.017483145, -0.08550307]
1431284860083, 186677420475, [0.08592385, 0.3723507, 0.92410606, 0.015803918, -0.92792904, 0.37242162, 0.9961763, -0.017395407, -0.085615814]
1431284860088, 186682364322, [0.085884154, 0.3721999, 0.9241706, 0.015923992, -0.9279923, 0.3722592, 0.9961779, -0.017254695, -0.085626826]
1431284860094, 186687277653, [0.085977495, 0.37195122, 0.9242619, 0.016047075, -0.9280937, 0.37200055, 0.9961678, -0.017151952, -0.085763775]
1431284860098, 186692221500, [0.08601427, 0.3717418, 0.9243428, 0.016160041, -0.92817974, 0.37178114, 0.99616283, -0.017041057, -0.085844055]
1431284860106, 186697134830, [0.08605701, 0.37156934, 0.9244082, 0.016233504, -0.9282501, 0.37160236, 0.996158, -0.016972631, -0.085914314]
1431284860109, 186702475406, [0.08611083, 0.37141234, 0.92446625, 0.016254663, -0.92831314, 0.3714438, 0.996153, -0.01695846, -0.08597502]
1431284860114, 186707022526, [0.086241245, 0.37133855, 0.9244837, 0.016265586, -0.92834204, 0.37137097, 0.9961415, -0.0169902, -0.08610137]
1431284860118, 186711905338, [0.08637828, 0.37104487, 0.92458886, 0.016254857, -0.92845887, 0.3710794, 0.9961298, -0.017024145, -0.086229935]
1431284860123, 186716849186, [0.08635104, 0.37108514, 0.9245752, 0.016250283, -0.9284429, 0.37111974, 0.99613225, -0.017021969, -0.08620231]
1431284860128, 186721762516, [0.08634961, 0.37108523, 0.92457527, 0.016323864, -0.92844397, 0.37111342, 0.9961311, -0.016952842, -0.08622822]
1431284860133, 186726767399, [0.08637786, 0.37133968, 0.92447054, 0.016376361, -0.92834264, 0.3713649, 0.99612784, -0.016938254, -0.08626953]
1431284860138, 186731985905, [0.0863539, 0.3714144, 0.9244427, 0.016413838, -0.9283134, 0.37143624, 0.99612933, -0.016901314, -0.08625983]
1431284860142, 186736563541, [0.086232245, 0.37168756, 0.9243443, 0.016427338, -0.9282047, 0.37170732, 0.99613965, -0.01686865, -0.086147085]
1431284860147, 186741476871, [0.08625531, 0.37168622, 0.9243427, 0.0164949, -0.92820615, 0.37170053, 0.9961365, -0.016814217, -0.086193636]
1431284860153, 186746420719, [0.086277485, 0.3719114, 0.92425007, 0.016603544, -0.92811733, 0.37191764, 0.9961328, -0.016742289, -0.08625075]
1431284860157, 186751334049, [0.08621061, 0.37210354, 0.9241789, 0.016632378, -0.92804074, 0.3721069, 0.99613804, -0.01670824, -0.08619584]
1431284860163, 186756247379, [0.08627021, 0.3720582, 0.9241916, 0.016748652, -0.9280606, 0.37205237, 0.99613094, -0.016618058, -0.086295426]
1431284860167, 186761557438, [0.08631933, 0.372043, 0.92419314, 0.016825452, -0.92806774, 0.37203127, 0.99612546, -0.016563535, -0.086370036]
1431284860172, 186766104557, [0.08633423, 0.37209487, 0.9241708, 0.01694262, -0.92804855, 0.3720734, 0.99612206, -0.016464785, -0.08642654]
1431284860177, 186771017887, [0.08638668, 0.37206602, 0.9241776, 0.017002806, -0.9280608, 0.37204012, 0.9961166, -0.016425699, -0.08649819]
1431284860182, 186775961735, [0.086509824, 0.37186798, 0.9242458, 0.016997457, -0.9281398, 0.37184373, 0.99610597, -0.016458333, -0.08661412]
1431284860187, 186780875065, [0.086630225, 0.3716401, 0.9243262, 0.016994879, -0.9282306, 0.3716171, 0.99609554, -0.01648447, -0.08672886]
1431284860192, 186785818912, [0.0866732, 0.37143356, 0.9244052, 0.016869083, -0.92831117, 0.37142134, 0.996094, -0.016598418, -0.08672546]
1431284860197, 186791128971, [0.08668113, 0.37135994, 0.924434, 0.016732335, -0.9283384, 0.37135947, 0.9960956, -0.01672192, -0.086683154]
1431284860202, 186795676090, [0.08673549, 0.37117246, 0.92450416, 0.016586512, -0.92841077, 0.3711848, 0.9960933, -0.016860574, -0.08668254]
1431284860206, 186800589420, [0.086696506, 0.37112305, 0.92452765, 0.01642397, -0.9284281, 0.37114865, 0.99609935, -0.016992852, -0.086586684]
1431284860212, 186805533268, [0.086709976, 0.37102005, 0.9245677, 0.016257018, -0.9284666, 0.37105995, 0.9961009, -0.01714389, -0.086539]
1431284860216, 186810446598, [0.08667916, 0.37108138, 0.92454606, 0.016044766, -0.92843866, 0.37113944, 0.99610716, -0.017335951, -0.08643035]
1431284860221, 186815359928, [0.08671248, 0.37101486, 0.9245696, 0.01587525, -0.928462, 0.37108797, 0.99610686, -0.017500207, -0.0863992]
1431284860227, 186820669987, [0.08675623, 0.3709274, 0.9246006, 0.0157523, -0.9284947, 0.37101156, 0.9961051, -0.017622992, -0.086395726]
1431284860232, 186825217106, [0.08681798, 0.370774, 0.9246563, 0.015663505, -0.9285542, 0.3708663, 0.996101, -0.017714515, -0.086422816]
1431284860236, 186830160953, [0.08689159, 0.370627, 0.9247083, 0.015577018, -0.928611, 0.37072748, 0.99609596, -0.01780887, -0.08646168]
1431284860241, 186835074283, [0.08700079, 0.3704084, 0.9247856, 0.015492201, -0.9286964, 0.3705173, 0.9960878, -0.017908335, -0.086535774]
1431284860246, 186839987613, [0.087111294, 0.3701872, 0.9248637, 0.015410423, -0.9287825, 0.3703043, 0.9960793, -0.018005148, -0.08661208]
1431284860251, 186844900944, [0.087279975, 0.36997285, 0.9249337, 0.015351564, -0.928866, 0.37009722, 0.9960655, -0.01810287, -0.08675093]
1431284860256, 186850241520, [0.08744156, 0.36964878, 0.92504793, 0.015230596, -0.9289923, 0.3697853, 0.99605316, -0.018245563, -0.08686242]
1431284860261, 186854758121, [0.08759117, 0.36934862, 0.9251537, 0.015073836, -0.9291083, 0.36950028, 0.99604243, -0.018419355, -0.08694917]
1431284860266, 186859701969, [0.08775097, 0.36902827, 0.92526644, 0.014914542, -0.9292321, 0.36919546, 0.99603087, -0.018597335, -0.08704491]
1431284860271, 186864645817, [0.08791727, 0.36897522, 0.9252718, 0.014737979, -0.92924875, 0.36916077, 0.9960188, -0.01881896, -0.08713499]
1431284860275, 186869559147, [0.08798081, 0.36884785, 0.9253166, 0.014553025, -0.9292956, 0.3690502, 0.9960159, -0.019003168, -0.08712807]
1431284860280, 186874472477, [0.088059425, 0.36868998, 0.92537194, 0.014373034, -0.92935437, 0.36890894, 0.99601156, -0.019185498, -0.08713755]
1431284860286, 186879782535, [0.08812386, 0.36856067, 0.9254173, 0.014168203, -0.92940146, 0.36879826, 0.99600875, -0.019388422, -0.08712424]
1431284860291, 186884329655, [0.08801329, 0.36865145, 0.92539173, 0.014080673, -0.9293644, 0.36889488, 0.9960198, -0.019437507, -0.08698721]
1431284860296, 186889242985, [0.08787739, 0.36892408, 0.92529595, 0.0139473975, -0.9292541, 0.36917764, 0.99603367, -0.019536898, -0.086805895]
1431284860301, 186894186832, [0.087771416, 0.36913675, 0.9252212, 0.013832584, -0.929168, 0.36939913, 0.99604464, -0.019624501, -0.08666061]
1431284860305, 186899130680, [0.0876475, 0.36938542, 0.9251337, 0.0137669295, -0.9290683, 0.3696521, 0.99605644, -0.019662842, -0.086515866]
1431284860310, 186904044010, [0.08749884, 0.36930615, 0.9251794, 0.013657674, -0.92909896, 0.36957908, 0.99607104, -0.019701943, -0.08633897]
1431284860315, 186909323551, [0.08733022, 0.3696444, 0.9250602, 0.013638899, -0.92896473, 0.36991704, 0.99608606, -0.019688144, -0.08616829]
1431284860320, 186913870670, [0.08713704, 0.37003228, 0.92492336, 0.013608485, -0.9288103, 0.3703053, 0.99610335, -0.01968047, -0.08596924]
1431284860325, 186918814518, [0.08699149, 0.3703242, 0.92482024, 0.01357992, -0.928694, 0.37059802, 0.99611646, -0.01967989, -0.08581738]
1431284860330, 186923727848, [0.08675736, 0.37073082, 0.92467934, 0.013548419, -0.92853224, 0.3710044, 0.9961373, -0.019659415, -0.085579805]
1431284860334, 186928671696, [0.086530685, 0.3711856, 0.9245181, 0.013514116, -0.9283507, 0.3714595, 0.9961575, -0.019648582, -0.08534695]
1431284860339, 186933585026, [0.086356044, 0.3715353, 0.924394, 0.0134898275, -0.9282112, 0.3718093, 0.996173, -0.019638106, -0.0851687]
1431284860345, 186938895084, [0.08621168, 0.37182477, 0.9242911, 0.013488412, -0.9280959, 0.37209725, 0.9961856, -0.01961194, -0.08502813]
1431284860350, 186943442203, [0.08604705, 0.37258184, 0.92400146, 0.013529703, -0.9277928, 0.3728506, 0.99619925, -0.019581243, -0.08487477]
1431284860354, 186948386051, [0.08590126, 0.3728741, 0.923897, 0.013556331, -0.9276764, 0.37313896, 0.9962114, -0.019528434, -0.084743336]
1431284860359, 186953299381, [0.085778, 0.37312084, 0.92380893, 0.0135926455, -0.9275784, 0.37338123, 0.99622154, -0.01947087, -0.084637485]
1431284860365, 186958212711, [0.08573109, 0.37321478, 0.9237754, 0.013633534, -0.9275416, 0.37347114, 0.99622506, -0.019423768, -0.08460741]
1431284860369, 186963156559, [0.085724056, 0.37354308, 0.92364335, 0.013750643, -0.92741114, 0.37379068, 0.99622405, -0.019342154, -0.08463788]
1431284860374, 186968466617, [0.08577341, 0.37344414, 0.9236788, 0.013819084, -0.9274522, 0.37368646, 0.99621886, -0.019288003, -0.08471147]
1431284860379, 186973013737, [0.085814, 0.37336302, 0.9237078, 0.013838723, -0.927485, 0.37360415, 0.99621505, -0.019277513, -0.08475804]
1431284860384, 186977927067, [0.085823834, 0.3733432, 0.9237148, 0.013861597, -0.92749333, 0.37358248, 0.99621385, -0.019258112, -0.08477611]
1431284860389, 186982870914, [0.08583021, 0.3735945, 0.92361265, 0.013952881, -0.9273934, 0.37382716, 0.99621207, -0.019198582, -0.08481105]
1431284860394, 186987784244, [0.085781276, 0.3736925, 0.9235775, 0.013985977, -0.9273547, 0.37392187, 0.99621576, -0.019158348, -0.08477609]
1431284860399, 186992697574, [0.085734785, 0.37378561, 0.9235442, 0.014114067, -0.9273199, 0.37400353, 0.996218, -0.019030169, -0.0847792]
1431284860404, 186998007633, [0.08567369, 0.37390786, 0.92350036, 0.014199361, -0.92727244, 0.37411785, 0.9962221, -0.018938959, -0.08475208]
1431284860409, 187002585270, [0.08563793, 0.37433302, 0.92333144, 0.014312953, -0.92710257, 0.3745344, 0.9962235, -0.01885876, -0.08475295]
1431284860413, 187007498600, [0.08561832, 0.37437236, 0.9233173, 0.014413014, -0.9270887, 0.374565, 0.9962238, -0.018761858, -0.08477163]
1431284860418, 187012411930, [0.08564508, 0.37431854, 0.9233367, 0.014563099, -0.92711323, 0.37449867, 0.99621934, -0.018627346, -0.08485406]
1431284860423, 187017355778, [0.0856725, 0.37426394, 0.92335624, 0.014679894, -0.9271371, 0.3744344, 0.99621516, -0.018523946, -0.08492418]
1431284860429, 187022269108, [0.08567518, 0.37465167, 0.9231987, 0.014836416, -0.9269827, 0.37481043, 0.9962126, -0.018414974, -0.08497786]
1431284860434, 187027640201, [0.08572531, 0.37455118, 0.92323476, 0.014926329, -0.92702466, 0.37470275, 0.99620694, -0.01834099, -0.08506003]
1431284860438, 187032126285, [0.08579445, 0.37441248, 0.92328465, 0.015044138, -0.9270827, 0.37455475, 0.99619925, -0.018244699, -0.08517126]
1431284860443, 187037039615, [0.085832596, 0.374336, 0.9233121, 0.015139535, -0.9271152, 0.37447047, 0.99619454, -0.018163234, -0.08524395]
1431284860448, 187041983463, [0.08589703, 0.37446907, 0.9232522, 0.015296608, -0.9270637, 0.37459183, 0.9961866, -0.01805371, -0.08536021]
1431284860453, 187046896793, [0.085904956, 0.37445337, 0.9232578, 0.015430629, -0.9270724, 0.3745647, 0.9961839, -0.017930523, -0.08541821]
1431284860458, 187051840641, [0.08589965, 0.374464, 0.923254, 0.0155361, -0.9270701, 0.37456626, 0.9961827, -0.01783134, -0.085452795]
1431284860463, 187057120182, [0.085945785, 0.37437132, 0.92328733, 0.015661329, -0.92710954, 0.37446326, 0.9961768, -0.01772365, -0.08554435]
1431284860468, 187061667301, [0.0859772, 0.37435573, 0.9232907, 0.015813857, -0.9271182, 0.37443507, 0.9961716, -0.017592058, -0.08563092]
1431284860473, 187066611149, [0.08600938, 0.37429088, 0.92331403, 0.015944123, -0.9271467, 0.3743593, 0.99616677, -0.017477006, -0.0857111]
1431284860477, 187071554996, [0.08610481, 0.37409964, 0.92338264, 0.016070485, -0.92722565, 0.37415808, 0.99615645, -0.0173776, -0.08585049]
1431284860483, 187076468326, [0.08617079, 0.3739671, 0.92343014, 0.016200319, -0.92728114, 0.3740149, 0.99614865, -0.017269298, -0.0859629]
1431284860488, 187081381656, [0.086286545, 0.37433377, 0.92327076, 0.016404986, -0.92713547, 0.37436745, 0.9961353, -0.01715666, -0.086140394]
1431284860492, 187086691715, [0.08634788, 0.3742107, 0.9233149, 0.016576111, -0.9271878, 0.3742301, 0.9961271, -0.017009005, -0.08626372]
1431284860497, 187091269352, [0.086447895, 0.37401003, 0.9233869, 0.01674226, -0.9272713, 0.3740159, 0.99611574, -0.01687333, -0.086422555]
1431284860502, 187096182682, [0.086500525, 0.37390435, 0.9234247, 0.016892806, -0.9273161, 0.3738976, 0.99610853, -0.016743109, -0.08652966]
1431284860507, 187101096012, [0.08658713, 0.3739531, 0.9233969, 0.017066553, -0.9272988, 0.3739329, 0.9960981, -0.016618565, -0.08667429]
1431284860512, 187106009342, [0.08673704, 0.37365204, 0.92350465, 0.01724048, -0.9274224, 0.37361792, 0.996082, -0.016484827, -0.086883776]
1431284860517, 187110922672, [0.08687681, 0.37337136, 0.923605, 0.017417505, -0.92753786, 0.3733229, 0.99606675, -0.016346201, -0.08708465]
1431284860522, 187116263248, [0.0869419, 0.3732404, 0.9236519, 0.017605603, -0.9275936, 0.37317604, 0.9960578, -0.016183212, -0.087217964]
1431284860527, 187120810367, [0.08703315, 0.37354985, 0.9235181, 0.017816663, -0.92747134, 0.37346977, 0.9960461, -0.01605025, -0.08737628]
1431284860532, 187125723697, [0.08708942, 0.373437, 0.92355853, 0.017985493, -0.92751926, 0.3733425, 0.99603814, -0.015903533, -0.0874936]
1431284860537, 187130667545, [0.08706862, 0.37347868, 0.9235435, 0.018160671, -0.9275052, 0.37336868, 0.9960367, -0.015736505, -0.08753918]
1431284860541, 187135580875, [0.08710098, 0.3734136, 0.9235669, 0.01832822, -0.92753404, 0.37328905, 0.99603087, -0.01558651, -0.08763318]
1431284860547, 187140494205, [0.087158024, 0.37400696, 0.9233213, 0.018581748, -0.9272976, 0.37386355, 0.9960212, -0.015428275, -0.08777114]
1431284860552, 187145804264, [0.08715969, 0.37400368, 0.9233225, 0.018715113, -0.927301, 0.37384856, 0.9960186, -0.015304431, -0.087822825]
1431284860556, 187150381901, [0.087194204, 0.37393433, 0.92334723, 0.018830508, -0.9273304, 0.37376922, 0.9960133, -0.015203401, -0.08789907]
1431284860561, 187155295231, [0.08728027, 0.3737615, 0.9234091, 0.018953651, -0.9274018, 0.37358612, 0.9960034, -0.015104696, -0.08802797]
1431284860567, 187160239078, [0.08737546, 0.37405986, 0.9232793, 0.019063994, -0.92728204, 0.37387744, 0.995993, -0.015066296, -0.08815265]
1431284860571, 187165152408, [0.08742678, 0.37395674, 0.9233163, 0.01913175, -0.92732465, 0.37376866, 0.99598724, -0.015012741, -0.088227496]
1431284860576, 187170065738, [0.08745921, 0.3738918, 0.92333955, 0.01914376, -0.927351, 0.37370285, 0.99598414, -0.015007585, -0.088263154]
1431284860581, 187175375797, [0.08748716, 0.3738358, 0.9233595, 0.019199505, -0.9273743, 0.37364212, 0.9959806, -0.014960855, -0.08831086]
1431284860587, 187179922916, [0.0875321, 0.3735601, 0.9234668, 0.0191845, -0.9274853, 0.3733672, 0.9959769, -0.014965355, -0.088351354]
1431284860591, 187184836246, [0.0875805, 0.373463, 0.92350155, 0.019237101, -0.92752516, 0.37326574, 0.99597174, -0.014925331, -0.088417605]
1431284860596, 187189780094, [0.08756894, 0.37348634, 0.92349315, 0.019324765, -0.9275169, 0.3732812, 0.99597096, -0.014841527, -0.08843912]
1431284860601, 187194693424, [0.08758104, 0.37346214, 0.92350173, 0.019405112, -0.9275277, 0.37324998, 0.99596834, -0.014768928, -0.0884808]
1431284860606, 187199637272, [0.08761859, 0.37328961, 0.923568, 0.019477308, -0.92759836, 0.37307084, 0.9959637, -0.01469931, -0.08854547]
1431284860611, 187204947330, [0.087643564, 0.3732394, 0.92358595, 0.019525453, -0.9276193, 0.37301648, 0.99596053, -0.014659047, -0.08858754]
1431284860615, 187209494449, [0.08763015, 0.37326634, 0.92357635, 0.019556805, -0.92760885, 0.37304053, 0.99596107, -0.014627397, -0.08858634]
1431284860620, 187214407780, [0.087694645, 0.37313718, 0.92362237, 0.019609466, -0.9276614, 0.37290707, 0.9959544, -0.014590174, -0.0886679]
1431284860626, 187219351627, [0.08769727, 0.37287164, 0.92372936, 0.01963222, -0.92776906, 0.3726384, 0.99595374, -0.014544547, -0.08868323]
1431284860630, 187224264957, [0.0876503, 0.3729658, 0.9236958, 0.019680575, -0.927732, 0.372728, 0.9959569, -0.014490873, -0.0886562]
1431284860635, 187229178287, [0.08766967, 0.372927, 0.92370963, 0.019710243, -0.92774796, 0.37268665, 0.99595463, -0.014466792, -0.088685915]
1431284860640, 187234488346, [0.087668955, 0.37292844, 0.9237091, 0.01980637, -0.92774874, 0.37267953, 0.99595267, -0.014377102, -0.08872114]
1431284860645, 187239035465, [0.08766651, 0.37289453, 0.92372304, 0.019874498, -0.9277633, 0.37263936, 0.9959516, -0.014309451, -0.0887448]
1431284860650, 187243979313, [0.08768219, 0.3728631, 0.92373425, 0.020000443, -0.9277778, 0.3725968, 0.99594766, -0.01419501, -0.08880709]
1431284860655, 187248892643, [0.08772707, 0.37277317, 0.92376626, 0.020128086, -0.9278156, 0.3724957, 0.99594116, -0.014084294, -0.088897765]
1431284860660, 187253836490, [0.08777213, 0.3726826, 0.9237986, 0.020249367, -0.92785376, 0.37239456, 0.9959348, -0.013979554, -0.08898646]
1431284860665, 187258749821, [0.08783758, 0.3727793, 0.9237534, 0.020450458, -0.9278171, 0.37247464, 0.99592495, -0.013826102, -0.08912076]
1431284860670, 187264059879, [0.08792281, 0.37260807, 0.9238143, 0.020628318, -0.92788815, 0.37228793, 0.99591374, -0.013675883, -0.08926892]
1431284860674, 187268606998, [0.08799136, 0.37247077, 0.92386305, 0.020837754, -0.9279458, 0.37213212, 0.99590325, -0.013493165, -0.08941263]
1431284860679, 187273520328, [0.08809316, 0.37226635, 0.9239358, 0.021011725, -0.9280299, 0.37191254, 0.9958906, -0.013349488, -0.08957503]
1431284860685, 187278464176, [0.08820528, 0.3721242, 0.92398244, 0.021166757, -0.9280887, 0.37175733, 0.99587744, -0.013233274, -0.089739084]
1431284860689, 187283377506, [0.088302076, 0.37192994, 0.9240513, 0.021342382, -0.9281685, 0.37154764, 0.995865, -0.01308696, -0.08989702]
1431284860694, 187288290836, [0.088431, 0.37167123, 0.92414314, 0.02149865, -0.928274, 0.37127537, 0.99585027, -0.0129644275, -0.090078674]
1431284860700, 187293600895, [0.088525474, 0.37148136, 0.9242104, 0.021628544, -0.9283514, 0.37107408, 0.9958391, -0.012860209, -0.0902174]
1431284860705, 187298209049, [0.08862603, 0.3702649, 0.9246888, 0.021680593, -0.928839, 0.36984876, 0.995829, -0.01273039, -0.0903469]
1431284860709, 187303091862, [0.08868456, 0.3701474, 0.92473024, 0.021837696, -0.92888767, 0.36971724, 0.99582034, -0.012594223, -0.09046118]
1431284860714, 187308035709, [0.08877647, 0.3699628, 0.9247952, 0.021988824, -0.9289628, 0.3695192, 0.9958088, -0.012469411, -0.090605035]
1431284860719, 187312949039, [0.08874565, 0.37002456, 0.9247735, 0.022147253, -0.92894024, 0.36956647, 0.99580806, -0.012316227, -0.09063435]
1431284860724, 187317862369, [0.08876258, 0.36935896, 0.92503786, 0.022236928, -0.92920697, 0.36888993, 0.99580455, -0.012173608, -0.09069212]
1431284860729, 187323172428, [0.08875382, 0.3693767, 0.92503166, 0.022378355, -0.92920166, 0.36889473, 0.99580216, -0.012040138, -0.09073618]
1431284860734, 187327811100, [0.088716805, 0.36945105, 0.9250055, 0.022463009, -0.9291733, 0.36896124, 0.99580353, -0.011954635, -0.09073225]
1431284860743, 187332663395, [0.08859819, 0.36968938, 0.9249217, 0.022577584, -0.9290801, 0.3691888, 0.9958115, -0.011826932, -0.090661496]
1431284860744, 187337576725, [0.08853638, 0.3697334, 0.92491007, 0.022675082, -0.92906415, 0.36922342, 0.9958149, -0.0117173195, -0.09063984]
1431284860749, 187342520572, [0.088523865, 0.36975858, 0.9249011, 0.022833914, -0.92905587, 0.36923409, 0.9958123, -0.011566907, -0.090686634]
1431284860754, 187347433903, [0.08848131, 0.3698442, 0.92487097, 0.022963569, -0.9290234, 0.36930782, 0.99581313, -0.011438504, -0.090694174]
1431284860760, 187352743961, [0.088484585, 0.3698376, 0.92487335, 0.0231148, -0.92902774, 0.36928743, 0.9958093, -0.011297971, -0.09075335]
1431284860764, 187357291080, [0.08847934, 0.36986637, 0.9248624, 0.023223892, -0.9290176, 0.36930633, 0.9958073, -0.011197105, -0.09078871]
1431284860768, 187362234928, [0.0885939, 0.36963627, 0.9249434, 0.023387402, -0.9291107, 0.36906153, 0.9957933, -0.011064604, -0.090958446]
1431284860773, 187367148258, [0.08866966, 0.3694842, 0.9249968, 0.023490429, -0.92917204, 0.36890018, 0.995784, -0.010981664, -0.091068625]
1431284860778, 187372061588, [0.08876562, 0.36929148, 0.92506456, 0.023576394, -0.9292494, 0.3686998, 0.99577343, -0.010918185, -0.09119189]
1431284860783, 187377005436, [0.08891338, 0.3688059, 0.92524403, 0.023652002, -0.9294429, 0.36820668, 0.9957585, -0.010854617, -0.09136276]
1431284860788, 187382315494, [0.08904052, 0.36855018, 0.92533374, 0.023770556, -0.9295455, 0.36794037, 0.99574435, -0.010765895, -0.09152784]
1431284860795, 187386862613, [0.08911592, 0.3683985, 0.9253869, 0.023854837, -0.92960644, 0.36778104, 0.9957355, -0.010700211, -0.09163086]
1431284860798, 187391775944, [0.089223325, 0.36818278, 0.92546237, 0.023916736, -0.92969227, 0.3675598, 0.99572444, -0.010660872, -0.091755934]
1431284860803, 187396750309, [0.08929157, 0.3678921, 0.92557144, 0.023974508, -0.9298081, 0.36726317, 0.9957169, -0.010603428, -0.09184411]
1431284860809, 187401633121, [0.089371145, 0.36773223, 0.92562723, 0.02403374, -0.92987174, 0.36709794, 0.99570835, -0.010561675, -0.09194169]
1431284860815, 187406576969, [0.089487255, 0.3674987, 0.9257088, 0.024095654, -0.92996454, 0.36685887, 0.9956964, -0.010523647, -0.092075154]
1431284860819, 187411856510, [0.08955902, 0.36735445, 0.925759, 0.024134085, -0.93002164, 0.36671114, 0.995689, -0.010499939, -0.09215751]
1431284860823, 187416434147, [0.08963364, 0.36740625, 0.9257313, 0.024215281, -0.9300018, 0.3667565, 0.99568033, -0.01045689, -0.09225631]
1431284860827, 187421347477, [0.089719236, 0.36723417, 0.92579126, 0.024276927, -0.9300702, 0.3665788, 0.99567115, -0.010413796, -0.0923605]
1431284860832, 187426260807, [0.08980256, 0.36706656, 0.9258497, 0.024317876, -0.9301366, 0.36640745, 0.9956627, -0.010389641, -0.0924549]
1431284860837, 187431204655, [0.08996689, 0.36673617, 0.9259647, 0.024364278, -0.93026716, 0.36607295, 0.9956467, -0.01037398, -0.09262852]
1431284860842, 187436117985, [0.09013444, 0.36661094, 0.9259979, 0.024451211, -0.9303168, 0.36594084, 0.9956294, -0.010342091, -0.09281762]
1431284860847, 187441428043, [0.09030837, 0.36626083, 0.9261195, 0.024533257, -0.9304552, 0.36558318, 0.9956116, -0.010294482, -0.09301337]
1431284860852, 187445975162, [0.09053856, 0.36579707, 0.9262804, 0.024619728, -0.9306384, 0.3651116, 0.99558866, -0.010251954, -0.09326468]
1431284860857, 187450919010, [0.09078556, 0.36529988, 0.92645234, 0.024774536, -0.9308345, 0.3646001, 0.99556226, -0.010147989, -0.09355639]
1431284860862, 187455832340, [0.09105891, 0.3646652, 0.9266755, 0.024877697, -0.93108404, 0.36395547, 0.9955347, -0.010087848, -0.09385553]
1431284860867, 187460776188, [0.09138423, 0.36400896, 0.9269015, 0.02498655, -0.9313413, 0.3632891, 0.9955022, -0.010038823, -0.09420519]
1431284860871, 187465689518, [0.09171802, 0.36344016, 0.92709166, 0.02513589, -0.9315643, 0.36270678, 0.9954677, -0.009963453, -0.09457661]
1431284860877, 187470999576, [0.09211701, 0.36285618, 0.9272809, 0.02529329, -0.9317925, 0.36210898, 0.9954269, -0.009902418, -0.09501175]
1431284860882, 187475546696, [0.092495084, 0.36230022, 0.9274607, 0.025544316, -0.93201053, 0.36153, 0.9953855, -0.009748414, -0.09546114]
1431284860886, 187480460026, [0.09281963, 0.36214584, 0.9274885, 0.025699958, -0.932071, 0.36136317, 0.99535125, -0.009705171, -0.09582168]
1431284860891, 187485403873, [0.09328723, 0.36165792, 0.9276319, 0.026016325, -0.9322622, 0.36084676, 0.9952993, -0.009528816, -0.09637715]
1431284860896, 187490317203, [0.09381336, 0.36101574, 0.927829, 0.02620183, -0.93251157, 0.36018836, 0.995245, -0.009479657, -0.09694131]
1431284860901, 187495261051, [0.09420717, 0.36066204, 0.9279267, 0.026236132, -0.9326477, 0.35983333, 0.9952069, -0.009553671, -0.097324505]
1431284860906, 187500571110, [0.09454352, 0.3604039, 0.9279928, 0.026257113, -0.93274677, 0.35957512, 0.9951744, -0.009629101, -0.09764844]
1431284860911, 187505118229, [0.09471667, 0.36031476, 0.9280097, 0.026229262, -0.93278015, 0.35948992, 0.9951586, -0.009708658, -0.09780051]
1431284860916, 187510031559, [0.094836175, 0.36026594, 0.9280164, 0.026253432, -0.93279886, 0.35943967, 0.99514663, -0.0097242445, -0.09792121]
1431284860921, 187514944889, [0.09507197, 0.35988507, 0.9281401, 0.026361912, -0.93294656, 0.35904843, 0.9951213, -0.009667888, -0.09818432]
1431284860926, 187519858219, [0.09528297, 0.35966498, 0.9282038, 0.026518852, -0.93303233, 0.35881373, 0.9950969, -0.009573936, -0.09843993]
1431284860930, 187524771549, [0.09551883, 0.35945994, 0.928259, 0.02676478, -0.9331133, 0.35858554, 0.99506783, -0.009407058, -0.09875089]
1431284860936, 187530081608, [0.09574115, 0.3593416, 0.92828184, 0.027074724, -0.9331609, 0.35843784, 0.995038, -0.009184301, -0.099070996]
1431284860941, 187534659244, [0.09601778, 0.3592347, 0.9282947, 0.027359426, -0.9332038, 0.3583045, 0.9950035, -0.0090060085, -0.09943263]
1431284860945, 187539572574, [0.09629822, 0.35900766, 0.9283534, 0.02763331, -0.9332929, 0.3580514, 0.9949689, -0.008826256, -0.09979504]
1431284860950, 187544516422, [0.09651083, 0.35893327, 0.92836016, 0.027910933, -0.9333233, 0.35795057, 0.9949406, -0.008634731, -0.100093976]
1431284860955, 187549460270, [0.0967077, 0.35887587, 0.92836183, 0.028168812, -0.93334687, 0.35786864, 0.9949141, -0.00845778, -0.10037087]
1431284860960, 187554373600, [0.09689814, 0.3591628, 0.928231, 0.028353974, -0.93323725, 0.35814, 0.99489033, -0.008384064, -0.10061264]
1431284860966, 187559683658, [0.0970763, 0.359048, 0.92825687, 0.028501913, -0.93328226, 0.35801113, 0.99486876, -0.008297309, -0.10083318]
1431284860970, 187564230778, [0.09727824, 0.35880372, 0.9283301, 0.028579623, -0.9333764, 0.3577593, 0.99484676, -0.00827086, -0.10105164]
1431284860975, 187569144108, [0.097537935, 0.35841987, 0.9284511, 0.028693587, -0.93352425, 0.35736394, 0.99481803, -0.008215934, -0.10133831]
1431284860980, 187574087955, [0.0976665, 0.35879484, 0.92829275, 0.02886352, -0.93338084, 0.3577247, 0.99480057, -0.008143902, -0.10151604]
1431284860985, 187579001285, [0.09782797, 0.35857236, 0.9283618, 0.028951779, -0.93346673, 0.35749328, 0.9947821, -0.00809513, -0.101700395]
1431284860990, 187583914615, [0.09799957, 0.35833228, 0.9284364, 0.029056787, -0.9335596, 0.35724252, 0.9947622, -0.008032247, -0.10190042]
1431284860995, 187589224674, [0.09822708, 0.35801965, 0.9285329, 0.029191718, -0.9336802, 0.35691622, 0.9947358, -0.007953376, -0.10216387]
1431284861000, 187593802311, [0.09840077, 0.35817468, 0.9284548, 0.029376611, -0.9336217, 0.35705447, 0.99471325, -0.007859603, -0.10239123]
1431284861005, 187598715641, [0.09863496, 0.35789436, 0.92853796, 0.029476434, -0.93372935, 0.35676414, 0.99468696, -0.007819429, -0.102647826]
1431284861011, 187603628971, [0.09882563, 0.35771537, 0.9285867, 0.029636517, -0.93379885, 0.3565691, 0.99466336, -0.007718116, -0.10288477]
1431284861015, 187608572819, [0.099054396, 0.35746163, 0.92866, 0.02974093, -0.93389624, 0.3563049, 0.9946374, -0.0076743364, -0.10313773]
1431284861020, 187613486149, [0.09925258, 0.3571875, 0.9287443, 0.029823124, -0.9340015, 0.35602224, 0.9946153, -0.007638082, -0.10335453]
1431284861025, 187618796207, [0.09942603, 0.35699514, 0.9287997, 0.029892802, -0.9340752, 0.35582286, 0.9945958, -0.007613644, -0.10354296]
1431284861029, 187623343326, [0.09954804, 0.35682124, 0.9288535, 0.029917449, -0.9341417, 0.35564637, 0.9945829, -0.007614985, -0.10366723]
1431284861034, 187628348209, [0.09960276, 0.3567052, 0.9288922, 0.029936299, -0.9341861, 0.35552812, 0.9945769, -0.007603973, -0.103725985]
1431284861040, 187633200504, [0.09961736, 0.35620007, 0.9290845, 0.029916078, -0.9343791, 0.3550223, 0.99457604, -0.0075718313, -0.103736535]
1431284861044, 187638144352, [0.09951818, 0.3562705, 0.9290681, 0.02994074, -0.9343525, 0.35508984, 0.99458516, -0.007520899, -0.103652]
1431284861049, 187643057682, [0.09947336, 0.35618335, 0.9291063, 0.029974401, -0.9343863, 0.35499835, 0.9945887, -0.007463485, -0.103622966]
1431284861056, 187648367740, [0.09944004, 0.356039, 0.9291652, 0.030056894, -0.93444216, 0.3548443, 0.9945895, -0.007357925, -0.10362239]
1431284861059, 187652914860, [0.09936708, 0.35623443, 0.929098, 0.030137077, -0.9343682, 0.35503194, 0.99459434, -0.007278174, -0.10358121]
1431284861064, 187657828190, [0.09937024, 0.3560621, 0.9291637, 0.030185685, -0.9344344, 0.35485363, 0.99459255, -0.007214412, -0.103602916]
1431284861069, 187662772037, [0.09936386, 0.35595685, 0.92920476, 0.030304953, -0.9344754, 0.3547353, 0.9945895, -0.0070883483, -0.10364027]
1431284861073, 187667685367, [0.09935963, 0.35589096, 0.9292305, 0.030388892, -0.93450135, 0.35466024, 0.9945875, -0.007000655, -0.10366693]
1431284861079, 187672598697, [0.09935576, 0.3562001, 0.9291124, 0.030496761, -0.9343838, 0.3549599, 0.9945845, -0.006932363, -0.10369921]
1431284861084, 187677908756, [0.09936702, 0.35612625, 0.92913955, 0.030608535, -0.93441284, 0.354874, 0.99458, -0.0068231374, -0.10375024]
1431284861088, 187682486393, [0.09938151, 0.35607558, 0.92915744, 0.030699149, -0.93443286, 0.35481375, 0.9945758, -0.006737575, -0.10379656]
1431284861093, 187687399723, [0.09943515, 0.35596615, 0.9291937, 0.030713663, -0.93447465, 0.35470253, 0.99456996, -0.0067309737, -0.10385272]
1431284861098, 187692343571, [0.09947705, 0.3563351, 0.9290477, 0.030773327, -0.93433404, 0.3550676, 0.99456394, -0.0067311972, -0.10391045]
1431284861103, 187697256901, [0.09945691, 0.35640955, 0.9290213, 0.030776396, -0.93430555, 0.35514206, 0.9945658, -0.006729394, -0.1038921]
1431284861108, 187702170231, [0.099429846, 0.3565229, 0.9289807, 0.030756146, -0.9342623, 0.35525793, 0.9945692, -0.006751403, -0.10385892]
1431284861113, 187707480289, [0.09942287, 0.3566219, 0.92894346, 0.03073433, -0.93422425, 0.35535973, 0.99457055, -0.0067804605, -0.103843845]
1431284861118, 187712027408, [0.0994671, 0.35710654, 0.92875254, 0.03079307, -0.934039, 0.35584134, 0.9945643, -0.0067953914, -0.10390262]
1431284861123, 187716971256, [0.09955895, 0.3570379, 0.9287691, 0.030807927, -0.93406516, 0.35577136, 0.99455464, -0.006806791, -0.10399419]
1431284861128, 187721884586, [0.09964168, 0.35701507, 0.928769, 0.03086485, -0.93407404, 0.355743, 0.9945446, -0.00678052, -0.10409191]
1431284861132, 187726797916, [0.09982872, 0.3568187, 0.9288243, 0.03088528, -0.9341488, 0.3555447, 0.9945252, -0.0068065524, -0.10427525]
1431284861138, 187731741764, [0.09995848, 0.35722128, 0.9286556, 0.030974, -0.9339949, 0.35594115, 0.99450934, -0.0068151653, -0.10442525]
1431284861143, 187737051822, [0.100150526, 0.3571176, 0.92867476, 0.030976728, -0.93403417, 0.35583794, 0.99448997, -0.006870076, -0.10460637]
1431284861147, 187741598942, [0.100382626, 0.35693252, 0.9287209, 0.03098327, -0.9341044, 0.3556527, 0.99446636, -0.0069265366, -0.10482669]
1431284861152, 187746512272, [0.10061586, 0.35679233, 0.9287495, 0.031022534, -0.93415785, 0.35550916, 0.99444157, -0.00695771, -0.10505973]
1431284861158, 187751456119, [0.100850224, 0.3572291, 0.9285562, 0.03111206, -0.9339905, 0.35594073, 0.99441504, -0.0070073903, -0.105307244]
1431284861162, 187756369449, [0.10112125, 0.35704356, 0.92859805, 0.031162277, -0.9340613, 0.35575068, 0.99438596, -0.0070367455, -0.10557979]
1431284861167, 187761282780, [0.101317465, 0.3570156, 0.92858744, 0.031224713, -0.93407196, 0.3557173, 0.994364, -0.0070455223, -0.10578561]
1431284861172, 187766592838, [0.10159367, 0.35686237, 0.92861617, 0.031272545, -0.9341302, 0.35556, 0.99433434, -0.0070824623, -0.10606176]
1431284861177, 187771170475, [0.101780355, 0.35691822, 0.92857426, 0.03127332, -0.9341082, 0.35561746, 0.9943152, -0.0071552545, -0.10623586]
1431284861182, 187776083805, [0.10201913, 0.35683787, 0.92857885, 0.031273127, -0.93413824, 0.35553843, 0.9942907, -0.0072321445, -0.10645935]
1431284861187, 187780997135, [0.10218519, 0.35693675, 0.9285227, 0.031321317, -0.93410045, 0.35563394, 0.99427223, -0.007257968, -0.10663104]
1431284861192, 187785940983, [0.10236049, 0.3570428, 0.9284626, 0.031388238, -0.9340598, 0.35573474, 0.9942521, -0.007270366, -0.1068178]
1431284861197, 187790854313, [0.10256827, 0.35716057, 0.9283943, 0.03156109, -0.9340153, 0.35583615, 0.99422514, -0.007196352, -0.10707271]
1431284861202, 187796164371, [0.10285288, 0.35712722, 0.9283757, 0.031713158, -0.9340284, 0.35578826, 0.99419093, -0.00715214, -0.10739318]
1431284861207, 187800711490, [0.10309547, 0.35713828, 0.9283446, 0.031878218, -0.93402463, 0.35578328, 0.99416053, -0.007085681, -0.10767864]
1431284861212, 187805655338, [0.10335809, 0.3572022, 0.92829084, 0.032043457, -0.93400073, 0.35583153, 0.994128, -0.007032454, -0.1079826]
1431284861217, 187810599186, [0.10357487, 0.3571756, 0.92827684, 0.03214182, -0.934011, 0.35579562, 0.9941022, -0.0070150048, -0.10822043]
1431284861221, 187815481998, [0.103842914, 0.35724136, 0.92822146, 0.032312036, -0.93398607, 0.35584515, 0.9940686, -0.0069592446, -0.10853094]
1431284861226, 187820425846, [0.10412043, 0.35730073, 0.92816764, 0.03249827, -0.9339641, 0.35588646, 0.99403363, -0.006891206, -0.10885647]
1431284861232, 187825735905, [0.10448867, 0.35722458, 0.9281556, 0.032675073, -0.9339934, 0.355793, 0.99398917, -0.0068487823, -0.10926404]
1431284861236, 187830283024, [0.10474205, 0.35728735, 0.9281029, 0.03285545, -0.9339701, 0.35583806, 0.9939566, -0.006777987, -0.109564915]
1431284861241, 187835196354, [0.10499853, 0.35733435, 0.9280557, 0.033033997, -0.9339523, 0.3558674, 0.9939235, -0.00670816, -0.10986767]
1431284861247, 187840140201, [0.1052928, 0.35727367, 0.9280458, 0.033216506, -0.93397623, 0.3557881, 0.9938864, -0.006635502, -0.11020842]
1431284861252, 187845053531, [0.10556024, 0.35722113, 0.9280356, 0.033390358, -0.93399674, 0.35571766, 0.99385214, -0.0065621883, -0.1105206]
1431284861256, 187849997379, [0.10572177, 0.35830784, 0.9275981, 0.033697665, -0.933581, 0.35677826, 0.9938246, -0.0064613223, -0.11077386]
1431284861262, 187855307438, [0.10597944, 0.3582434, 0.9275937, 0.03390543, -0.9336066, 0.35669187, 0.99379015, -0.0063515306, -0.11108949]
1431284861266, 187859854557, [0.10624045, 0.35808176, 0.92762625, 0.034063607, -0.9336692, 0.35651314, 0.9937569, -0.0062778294, -0.11139104]
1431284861271, 187864767887, [0.10639328, 0.35811502, 0.9275959, 0.03421907, -0.9336571, 0.35653016, 0.99373513, -0.0061909556, -0.11158933]
1431284861276, 187869711735, [0.10658008, 0.3596869, 0.9269661, 0.034561634, -0.9330531, 0.35807496, 0.99370337, -0.00612621, -0.11187636]
1431284861285, 187874625065, [0.10678172, 0.35953453, 0.927002, 0.03472328, -0.9331123, 0.3579046, 0.993676, -0.006029114, -0.112123564]
1431284861286, 187879538395, [0.10691583, 0.35948312, 0.92700636, 0.034894392, -0.9331327, 0.3578344, 0.99365556, -0.005910814, -0.11231048]
1431284861291, 187884848453, [0.10712236, 0.3592876, 0.92705834, 0.03502825, -0.93320864, 0.35762364, 0.9936286, -0.0058362633, -0.11255275]
1431284861295, 187889395572, [0.10719764, 0.36001587, 0.9267671, 0.03522551, -0.93292844, 0.35833484, 0.9936136, -0.005766809, -0.112689525]
1431284861300, 187894339420, [0.10735011, 0.35989106, 0.9267979, 0.035364866, -0.93297696, 0.35819423, 0.9935921, -0.0056760907, -0.1128826]
1431284861305, 187899252750, [0.107524395, 0.35970527, 0.92684984, 0.035441205, -0.9330489, 0.35799956, 0.99357057, -0.005645007, -0.1130739]
1431284861310, 187904196598, [0.10766655, 0.3595577, 0.9268906, 0.035505876, -0.933106, 0.3578444, 0.9935528, -0.005617842, -0.113230795]
1431284861315, 187909109928, [0.10766435, 0.36036757, 0.9265763, 0.035694987, -0.93279403, 0.35863817, 0.9935463, -0.005538434, -0.11329204]
1431284861321, 187914419987, [0.107741, 0.36035258, 0.9265732, 0.035751775, -0.9327999, 0.358617, 0.99353594, -0.00551112, -0.11338404]
1431284861325, 187918967106, [0.10778731, 0.360389, 0.92655367, 0.035808176, -0.93278605, 0.3586475, 0.9935289, -0.005479485, -0.11344741]
1431284861330, 187923910953, [0.1078946, 0.36031994, 0.926568, 0.03584501, -0.93281263, 0.3585744, 0.9935159, -0.005475387, -0.11356105]
1431284861336, 187928885319, [0.107925594, 0.36071864, 0.9264092, 0.03595403, -0.93265873, 0.35896346, 0.9935085, -0.005433172, -0.11362695]
1431284861340, 187933768131, [0.10795778, 0.3608042, 0.92637223, 0.036009476, -0.93262607, 0.35904345, 0.99350315, -0.0054033697, -0.11367676]
1431284861344, 187938681461, [0.108034074, 0.36078778, 0.9263697, 0.036039412, -0.93263227, 0.35902387, 0.99349374, -0.0054010004, -0.11375859]
1431284861350, 187943991520, [0.10814893, 0.36067766, 0.9263992, 0.036000118, -0.9326744, 0.35891813, 0.99348265, -0.0054661185, -0.11385211]
1431284861355, 187948538639, [0.10819465, 0.36075306, 0.9263645, 0.03595285, -0.93264496, 0.35899973, 0.99347943, -0.0055363923, -0.11387734]
1431284861359, 187953451969, [0.1082508, 0.36069566, 0.9263802, 0.035898343, -0.9326667, 0.35894853, 0.99347526, -0.005600959, -0.11391029]
1431284861364, 187958395817, [0.10831565, 0.36059737, 0.926411, 0.035850912, -0.9327045, 0.35885537, 0.9934699, -0.0056570023, -0.113954306]
1431284861369, 187963309147, [0.10833663, 0.36055803, 0.9264238, 0.035765752, -0.9327191, 0.35882562, 0.99347067, -0.005739704, -0.113943264]
1431284861374, 187968252994, [0.108339906, 0.36113587, 0.92619836, 0.03572032, -0.9324949, 0.35941267, 0.993472, -0.0058546215, -0.11392632]
1431284861379, 187973563053, [0.10832518, 0.36112058, 0.92620605, 0.035576493, -0.93249995, 0.35941368, 0.9934787, -0.005982384, -0.11386062]
1431284861384, 187978110172, [0.10833287, 0.36106443, 0.926227, 0.035482362, -0.9325211, 0.35936797, 0.9934813, -0.006066665, -0.11383411]
1431284861389, 187983023502, [0.10832912, 0.3610251, 0.9262427, 0.035385624, -0.93253565, 0.35933942, 0.9934851, -0.0061512142, -0.11379571]
